cbi -- Change in Business Inventories (SAAR, Bil.$)                               

  DATE      CBI

1959.1      4.4
1959.2      7.8
1959.3      0.2
1959.4      4.3
1960.1     11.3
1960.2      3.1
1960.3      4.2
1960.4     -5.7
1961.1     -2.6
1961.2      1.6
1961.3      6.7
1961.4      6.0
1962.1      9.5
1962.2      5.6
1962.3      6.2
1962.4      3.1
1963.1      7.0
1963.2      4.9
1963.3      5.9
1963.4      4.8
1964.1      5.6
1964.2      4.8
1964.3      4.3
1964.4      5.4
1965.1     12.3
1965.2      9.2
1965.3      9.5
1965.4      7.8
1966.1     13.5
1966.2     12.5
1966.3     12.2
1966.4     17.0
1967.1     15.0
1967.2      6.8
1967.3     10.4
1967.4      9.7
1968.1      8.1
1968.2     13.9
1968.3      8.0
1968.4      6.6
1969.1     12.0
1969.2      9.7
1969.3     10.7
1969.4      5.8
1970.1      2.0
1970.2      4.6
1970.3      5.2
1970.4     -3.1
1971.1     12.4
1971.2     11.4
1971.3     10.4
1971.4     -0.2
1972.1      4.6
1972.2     12.4
1972.3     14.0
1972.4      8.7
1973.1     13.9
1973.2     17.6
1973.3     11.6
1973.4     26.7
1974.1     13.2
1974.2     16.3
1974.3      6.9
1974.4     20.0
1975.1    -11.7
1975.2    -14.7
1975.3      0.0
1975.4      1.2
1976.1     16.0
1976.2     21.8
1976.3     19.1
1976.4     10.9
1977.1     14.9
1977.2     23.0
1977.3     32.0
1977.4     22.3
1978.1     28.1
1978.2     26.9
1978.3     26.4
1978.4     27.4
1979.1     24.3
1979.2     27.3
1979.3     11.6
1979.4      4.3
1980.1      8.4
1980.2     -0.3
1980.3    -33.8
1980.4     -4.7
1981.1     38.3
1981.2      9.4
1981.3     42.5
1981.4     22.4
1982.1    -20.4
1982.2     -3.8
1982.3      4.3
1982.4    -38.1
1983.1    -33.3
1983.2     -8.0
1983.3     -1.7
1983.4     23.4
1984.1     79.5
1984.2     70.7
1984.3     72.4
1984.4     47.2
1985.1     25.6
1985.2     24.3
1985.3     20.5
1985.4     34.4
1986.1     45.1
1986.2     18.8
1986.3    -13.2
1986.4    -12.2
1987.1     24.3
1987.2     13.0
1987.3      2.0
1987.4     57.7
1988.1     12.2
1988.2      6.4
1988.3      9.7
1988.4     15.2
1989.1     38.8
1989.2     41.8
1989.3     23.9
1989.4     22.4
1990.1      8.8
1990.2     41.0
1990.3     13.6
1990.4    -31.2
1991.1    -16.3
1991.2    -19.8
1991.3      5.5
1991.4     21.3
1992.1     -0.2
1992.2     10.2
1992.3     11.6
1992.4      6.5
1993.1     30.7
1993.2     14.5
1993.3     14.0
1993.4     22.9
1994.1     52.4
1994.2     76.3
1994.3     50.2
1994.4     66.2
1995.1     52.1
1995.2     24.5
1995.3     19.4
1995.4     24.5
1996.1     11.1
1996.2     23.4
1996.3     37.1
1996.4     31.9
1997.1     66.1
1997.2     81.1
