cbic92 -- Real Change in Business Inventories (SAAR, Bil.Chn.1992$)                  

  DATE     CBIC92

1959.3      3.478
1959.4     14.612
1960.1     33.580
1960.2      8.788
1960.3     13.995
1960.4    -14.288
1961.1     -6.971
1961.2      4.617
1961.3     20.049
1961.4     16.744
1962.1     28.155
1962.2     17.450
1962.3     20.677
1962.4     11.597
1963.1     24.962
1963.2     15.409
1963.3     18.966
1963.4     11.763
1964.1     15.468
1964.2     14.948
1964.3     14.461
1964.4     17.358
1965.1     38.206
1965.2     29.068
1965.3     29.023
1965.4     24.722
1966.1     41.463
1966.2     39.440
1966.3     37.556
1966.4     51.320
1967.1     46.093
1967.2     23.486
1967.3     30.623
1967.4     27.920
1968.1     23.098
1968.2     41.200
1968.3     23.610
1968.4     19.507
1969.1     33.926
1969.2     28.694
1969.3     29.749
1969.4     15.470
1970.1      3.677
1970.2     12.719
1970.3     13.870
1970.4     -8.698
1971.1     31.795
1971.2     30.209
1971.3     25.222
1971.4      2.021
1972.1     12.121
1972.2     33.089
1972.3     35.553
1972.4     18.217
1973.1     31.907
1973.2     41.294
1973.3     23.882
1973.4     53.836
1974.1     23.706
1974.2     25.763
1974.3      9.425
1974.4     34.624
1975.1    -23.196
1975.2    -23.556
1975.3      2.567
1975.4      3.394
1976.1     28.102
1976.2     38.615
1976.3     33.431
1976.4     19.025
1977.1     24.868
1977.2     38.935
1977.3     59.041
1977.4     32.315
1978.1     46.033
1978.2     43.109
1978.3     42.623
1978.4     41.552
1979.1     35.257
1979.2     39.618
1979.3     15.075
1979.4      3.491
1980.1      8.960
1980.2     -1.673
1980.3    -43.761
1980.4     -4.401
1981.1     44.310
1981.2     11.486
1981.3     49.975
1981.4     26.755
1982.1    -21.927
1982.2     -3.975
1982.3      6.554
1982.4    -42.991
1983.1    -38.433
1983.2     -9.749
1983.3     -0.702
1983.4     26.084
1984.1     87.390
1984.2     79.282
1984.3     80.343
1984.4     54.070
1985.1     29.536
1985.2     27.247
1985.3     25.434
1985.4     38.508
1986.1     52.941
1986.2     22.871
1986.3    -16.286
1986.4    -15.313
1987.1     29.653
1987.2     14.777
1987.3      1.425
1987.4     59.756
1988.1     13.965
1988.2      6.004
1988.3     11.257
1988.4     15.696
1989.1     41.197
1989.2     43.826
1989.3     25.379
1989.4     22.848
1990.1     10.851
1990.2     43.584
1990.3     14.888
1990.4    -27.806
1991.1    -17.145
1991.2    -20.733
1991.3      4.657
1991.4     21.310
1992.1     -0.547
1992.2     11.021
1992.3     11.951
1992.4      5.578
1993.1     32.301
1993.2     16.644
1993.3     15.283
1993.4     24.179
1994.1     53.061
1994.2     75.896
1994.3     49.662
1994.4     63.590
1995.1     48.479
1995.2     21.638
1995.3     17.023
1995.4     22.223
1996.1      8.039
1996.2     21.288
1996.3     37.903
1996.4     32.922
1997.1     63.657
1997.2     77.603
