coe -- Domestic Income: Compensation of Employees (Bil.$)                         

  DATE      COE

1959.1     274.8
1959.2     281.9
1959.3     282.5
1959.4     285.8
1960.1     294.2
1960.2     297.1
1960.3     297.9
1960.4     297.4
1961.1     298.3
1961.2     302.4
1961.3     307.4
1961.4     314.1
1962.1     320.6
1962.2     326.6
1962.3     329.5
1962.4     333.0
1963.1     337.9
1963.2     342.6
1963.3     347.7
1963.4     353.9
1964.1     360.3
1964.2     367.7
1964.3     375.0
1964.4     381.0
1965.1     387.6
1965.2     394.4
1965.3     402.6
1965.4     414.6
1966.1     426.9
1966.2     438.1
1966.3     449.2
1966.4     457.6
1967.1     463.9
1967.2     469.4
1967.3     479.0
1967.4     489.8
1968.1     504.5
1968.2     518.0
1968.3     531.9
1968.4     544.5
1969.1     556.6
1969.2     570.3
1969.3     587.2
1969.4     598.9
1970.1     609.4
1970.2     614.9
1970.3     623.1
1970.4     625.1
1971.1     642.6
1971.2     654.8
1971.3     665.3
1971.4     677.5
1972.1     702.2
1972.2     717.6
1972.3     731.6
1972.4     755.7
1973.1     783.8
1973.2     802.7
1973.3     821.6
1973.4     844.3
1974.1     862.5
1974.2     883.3
1974.3     905.5
1974.4     918.5
1975.1     921.8
1975.2     933.7
1975.3     959.8
1975.4     989.8
1976.1    1024.6
1976.2    1048.5
1976.3    1073.1
1976.4    1100.0
1977.1    1129.5
1977.2    1166.6
1977.3    1199.3
1977.4    1236.1
1978.1    1272.0
1978.2    1321.0
1978.3    1358.1
1978.4    1402.7
1979.1    1447.8
1979.2    1480.0
1979.3    1521.5
1979.4    1563.7
1980.1    1604.8
1980.2    1627.1
1980.3    1659.7
1980.4    1724.0
1981.1    1777.2
1981.2    1809.7
1981.3    1848.2
1981.4    1876.1
1982.1    1899.9
1982.2    1919.5
1982.3    1939.0
1982.4    1952.0
1983.1    1979.0
1983.2    2019.8
1983.3    2062.1
1983.4    2116.0
1984.1    2186.3
1984.2    2236.9
1984.3    2282.2
1984.4    2322.6
1985.1    2367.8
1985.2    2402.9
1985.3    2442.1
1985.4    2489.9
1986.1    2524.2
1986.2    2546.8
1986.3    2583.9
1986.4    2634.9
1987.1    2684.2
1987.2    2728.8
1987.3    2773.8
1987.4    2844.1
1988.1    2889.9
1988.2    2952.3
1988.3    3000.0
1988.4    3053.4
1989.1    3096.4
1989.2    3127.3
1989.3    3165.4
1989.4    3217.5
1990.1    3285.5
1990.2    3344.7
1990.3    3384.9
1990.4    3395.9
1991.1    3405.7
1991.2    3440.7
1991.3    3474.2
1991.4    3511.0
1992.1    3577.1
1992.2    3626.5
1992.3    3669.2
1992.4    3707.0
1993.1    3749.3
1993.2    3796.3
1993.3    3837.6
1993.4    3876.2
1994.1    3937.4
1994.2    3988.0
1994.3    4028.7
1994.4    4093.9
1995.1    4153.2
1995.2    4187.9
1995.3    4238.0
1995.4    4282.6
1996.1    4322.2
1996.2    4403.9
1996.3    4461.0
1996.4    4520.7
1997.1    4606.3
1997.2    4663.4
