cofc -- GNP: Consumption of Fixed Capital (SAAR,Bil.$)                             

  DATE     COFC

1959.1     54.6
1959.2     54.5
1959.3     54.5
1959.4     54.8
1960.1     55.8
1960.2     56.4
1960.3     56.9
1960.4     57.2
1961.1     57.4
1961.2     57.8
1961.3     58.3
1961.4     58.8
1962.1     59.5
1962.2     60.0
1962.3     60.8
1962.4     61.5
1963.1     62.1
1963.2     62.7
1963.3     63.2
1963.4     63.9
1964.1     64.5
1964.2     65.5
1964.3     66.3
1964.4     67.6
1965.1     68.4
1965.2     69.6
1965.3     70.7
1965.4     72.2
1966.1     73.2
1966.2     75.2
1966.3     76.7
1966.4     78.5
1967.1     79.9
1967.2     81.4
1967.3     83.0
1967.4     84.9
1968.1     86.9
1968.2     88.7
1968.3     90.4
1968.4     93.0
1969.1     95.2
1969.2     97.3
1969.3     99.3
1969.4    101.5
1970.1    103.6
1970.2    106.5
1970.3    107.7
1970.4    110.2
1971.1    113.4
1971.2    115.4
1971.3    117.4
1971.4    119.7
1972.1    122.6
1972.2    130.9
1972.3    127.0
1972.4    130.0
1973.1    133.4
1973.2    139.0
1973.3    142.4
1973.4    145.2
1974.1    150.5
1974.2    158.3
1974.3    166.3
1974.4    175.0
1975.1    181.7
1975.2    187.0
1975.3    190.8
1975.4    195.2
1976.1    198.8
1976.2    204.2
1976.3    208.2
1976.4    213.0
1977.1    218.9
1977.2    226.3
1977.3    231.2
1977.4    238.0
1978.1    246.8
1978.2    253.8
1978.3    262.0
1978.4    270.5
1979.1    280.1
1979.2    292.0
1979.3    303.0
1979.4    311.8
1980.1    322.1
1980.2    333.9
1980.3    345.7
1980.4    355.8
1981.1    368.9
1981.2    383.0
1981.3    392.8
1981.4    409.1
1982.1    410.7
1982.2    418.9
1982.3    432.3
1982.4    435.2
1983.1    431.6
1983.2    436.9
1983.3    444.6
1983.4    468.1
1984.1    451.2
1984.2    454.3
1984.3    465.5
1984.4    475.0
1985.1    473.6
1985.2    479.8
1985.3    492.4
1985.4    500.5
1986.1    504.8
1986.2    513.3
1986.3    522.4
1986.4    531.0
1987.1    536.2
1987.2    541.9
1987.3    548.0
1987.4    556.9
1988.1    568.4
1988.2    577.5
1988.3    586.0
1988.4    596.8
1989.1    605.5
1989.2    613.4
1989.3    638.5
1989.4    644.4
1990.1    639.1
1990.2    646.0
1990.3    655.7
1990.4    665.3
1991.1    671.9
1991.2    676.4
1991.3    680.9
1991.4    690.4
1992.1    687.2
1992.2    692.4
1992.3    770.1
1992.4    704.3
1993.1    721.8
1993.2    720.7
1993.3    735.3
1993.4    733.6
1994.1    823.3
1994.2    753.1
1994.3    762.2
1994.4    771.4
1995.1    780.1
1995.2    790.6
1995.3    799.0
1995.4    817.3
1996.1    815.5
1996.2    824.1
1996.3    835.4
1996.4    845.6
1997.1    855.0
1997.2    863.0
