cpatax -- Corporate Profits After Tax with IVA and CCAdj (SAAR, Bil.$)               

  DATE    CPATAX

1959.1      27.6
1959.2      31.0
1959.3      28.6
1959.4      29.7
1960.1      30.6
1960.2      28.5
1960.3      28.5
1960.4      27.3
1961.1      26.7
1961.2      29.5
1961.3      30.4
1961.4      32.2
1962.1      36.1
1962.2      35.6
1962.3      36.1
1962.4      38.3
1963.1      38.3
1963.2      40.0
1963.3      40.6
1963.4      41.4
1964.1      45.4
1964.2      45.2
1964.3      45.6
1964.4      45.1
1965.1      51.6
1965.2      52.7
1965.3      53.4
1965.4      55.3
1966.1      57.4
1966.2      56.1
1966.3      54.7
1966.4      56.5
1967.1      54.5
1967.2      53.7
1967.3      54.8
1967.4      55.9
1968.1      52.6
1968.2      55.5
1968.3      55.5
1968.4      55.8
1969.1      54.5
1969.2      52.6
1969.3      51.4
1969.4      46.7
1970.1      43.3
1970.2      46.7
1970.3      45.4
1970.4      42.0
1971.1      51.2
1971.2      52.5
1971.3      55.3
1971.4      58.1
1972.1      61.5
1972.2      62.3
1972.3      66.1
1972.4      69.3
1973.1      72.6
1973.2      68.4
1973.3      70.9
1973.4      71.3
1974.1      64.8
1974.2      60.0
1974.3      51.0
1974.4      53.8
1975.1      63.4
1975.2      72.8
1975.3      83.8
1975.4      89.0
1976.1      93.4
1976.2      89.3
1976.3      89.9
1976.4      90.2
1977.1      96.1
1977.2     110.9
1977.3     122.9
1977.4     115.2
1978.1     112.3
1978.2     125.5
1978.3     129.3
1978.4     135.1
1979.1     125.8
1979.2     125.9
1979.3     125.3
1979.4     123.4
1980.1     110.4
1980.2      99.3
1980.3      97.9
1980.4     106.3
1981.1     119.5
1981.2     120.7
1981.3     137.1
1981.4     126.4
1982.1     113.6
1982.2     120.6
1982.3     121.4
1982.4     121.3
1983.1     142.6
1983.2     159.3
1983.3     164.4
1983.4     165.5
1984.1     182.1
1984.2     195.7
1984.3     202.5
1984.4     203.8
1985.1     205.7
1985.2     206.9
1985.3     219.3
1985.4     197.9
1986.1     213.4
1986.2     192.2
1986.3     173.0
1986.4     170.8
1987.1     184.7
1987.2     202.9
1987.3     218.0
1987.4     218.6
1988.1     230.4
1988.2     237.2
1988.3     250.3
1988.4     262.4
1989.1     227.2
1989.2     240.1
1989.3     251.4
1989.4     235.9
1990.1     263.5
1990.2     280.6
1990.3     231.2
1990.4     251.2
1991.1     290.8
1991.2     276.5
1991.3     271.2
1991.4     273.2
1992.1     300.3
1992.2     286.3
1992.3     248.5
1992.4     304.9
1993.1     309.9
1993.2     312.8
1993.3     331.5
1993.4     356.3
1994.1     348.9
1994.2     379.3
1994.3     395.5
1994.4     411.5
1995.1     403.6
1995.2     418.9
1995.3     454.0
1995.4     470.4
1996.1     491.5
1996.2     506.3
1996.3     508.0
1996.4     521.8
1997.1     538.4
1997.2     550.6
