cprofit -- Corporate Profits with IVA and CCAdj (SAAR,Bil.$)                          

  DATE    CPROFIT

1959.1      51.1 
1959.2      56.6 
1959.3      51.6 
1959.4      52.1 
1960.1      55.6 
1960.2      51.5 
1960.3      50.5 
1960.4      48.1 
1961.1      47.2 
1961.2      51.5 
1961.3      53.7 
1961.4      57.5 
1962.1      59.9 
1962.2      59.2 
1962.3      60.3 
1962.4      62.6 
1963.1      62.7 
1963.2      66.1 
1963.3      67.4 
1963.4      68.9 
1964.1      73.1 
1964.2      73.0 
1964.3      74.1 
1964.4      73.0 
1965.1      81.0 
1965.2      83.1 
1965.3      84.2 
1965.4      88.2 
1966.1      91.4 
1966.2      90.1 
1966.3      88.4 
1966.4      89.5 
1967.1      86.8 
1967.2      85.7 
1967.3      87.0 
1967.4      90.1 
1968.1      91.2 
1968.2      94.8 
1968.3      94.9 
1968.4      96.1 
1969.1      95.7 
1969.2      92.8 
1969.3      90.2 
1969.4      85.1 
1970.1      77.5 
1970.2      81.0 
1970.3      80.6 
1970.4      75.8 
1971.1      88.6 
1971.2      90.7 
1971.3      92.9 
1971.4      96.0 
1972.1     101.5 
1972.2     102.5 
1972.3     107.6 
1972.4     114.9 
1973.1     121.7 
1973.2     118.1 
1973.3     118.9 
1973.4     121.7 
1974.1     113.6 
1974.2     111.5 
1974.3     107.8 
1974.4     103.9 
1975.1     106.0 
1975.2     118.7 
1975.3     140.7 
1975.4     147.2 
1976.1     158.7 
1976.2     153.8 
1976.3     154.0 
1976.4     153.1 
1977.1     163.6 
1977.2     184.0 
1977.3     198.7 
1977.4     191.0 
1978.1     183.1 
1978.2     210.9 
1978.3     215.8 
1978.4     226.3 
1979.1     215.0 
1979.2     215.4 
1979.3     213.7 
1979.4     208.4 
1980.1     206.7 
1980.2     173.7 
1980.3     178.2 
1980.4     194.5 
1981.1     210.6 
1981.2     200.3 
1981.3     220.4 
1981.4     196.8 
1982.1     176.0 
1982.2     186.0 
1982.3     186.6 
1982.4     180.6 
1983.1     201.5 
1983.2     238.6 
1983.3     252.9 
1983.4     247.7 
1984.1     285.4 
1984.2     297.1 
1984.3     290.0 
1984.4     287.8 
1985.1     301.2 
1985.2     300.0 
1985.3     318.9 
1985.4     295.7 
1986.1     315.9 
1986.2     294.9 
1986.3     277.3 
1986.4     287.1 
1987.1     295.8 
1987.2     330.1 
1987.3     352.7 
1987.4     354.1 
1988.1     357.4 
1988.2     372.5 
1988.3     389.8 
1988.4     408.7 
1989.1     381.0 
1989.2     383.9 
1989.3     384.4 
1989.4     370.5 
1990.1     396.4 
1990.2     421.8 
1990.3     379.2 
1990.4     390.9 
1991.1     420.9 
1991.2     408.8 
1991.3     407.2 
1991.4     408.4 
1992.1     444.2 
1992.2     437.2 
1992.3     376.1 
1992.4     454.6 
1993.1     459.2 
1993.2     478.2 
1993.3     492.8 
1993.4     541.2 
1994.1     512.0 
1994.2     562.0 
1994.3     590.1 
1994.4     617.7 
1995.1     613.2 
1995.2     628.0 
1995.3     672.8 
1995.4     685.7 
1996.1     717.7 
1996.2     738.5 
1996.3     739.6 
1996.4     747.8 
1997.1     779.6 
1997.2     795.1 
