dgi -- National Defense Gross Investment (SAAR, Bil.$)                            

  DATE     DGI

1959.1    14.4
1959.2    13.5
1959.3    13.9
1959.4    13.1
1960.1    12.6
1960.2    11.8
1960.3    12.7
1960.4    12.3
1961.1    13.8
1961.2    13.4
1961.3    14.0
1961.4    14.2
1962.1    14.8
1962.2    14.2
1962.3    14.8
1962.4    14.3
1963.1    12.8
1963.2    12.4
1963.3    13.3
1963.4    11.9
1964.1    11.8
1964.2    11.4
1964.3    11.2
1964.4    11.2
1965.1    10.4
1965.2     9.7
1965.3    10.2
1965.4     9.8
1966.1    11.6
1966.2    11.4
1966.3    12.5
1966.4    13.5
1967.1    14.2
1967.2    13.6
1967.3    14.9
1967.4    14.2
1968.1    13.4
1968.2    13.1
1968.3    13.1
1968.4    12.7
1969.1    13.8
1969.2    11.8
1969.3    12.8
1969.4    11.2
1970.1    12.2
1970.2    12.1
1970.3    11.7
1970.4    12.2
1971.1    10.1
1971.2     9.4
1971.3     9.3
1971.4     9.1
1972.1    10.8
1972.2    11.4
1972.3    10.8
1972.4    10.5
1973.1    11.6
1973.2    11.5
1973.3     9.8
1973.4    11.0
1974.1    10.5
1974.2    12.1
1974.3    12.0
1974.4    12.8
1975.1    13.3
1975.2    13.6
1975.3    14.3
1975.4    14.7
1976.1    14.7
1976.2    13.4
1976.3    15.4
1976.4    15.5
1977.1    16.6
1977.2    17.0
1977.3    15.9
1977.4    15.2
1978.1    15.2
1978.2    16.9
1978.3    17.2
1978.4    19.3
1979.1    18.4
1979.2    19.0
1979.3    22.8
1979.4    22.0
1980.1    23.5
1980.2    23.0
1980.3    22.1
1980.4    24.5
1981.1    24.5
1981.2    27.5
1981.3    28.7
1981.4    29.9
1982.1    29.4
1982.2    34.3
1982.3    33.2
1982.4    36.3
1983.1    36.4
1983.2    39.0
1983.3    41.2
1983.4    44.1
1984.1    44.9
1984.2    45.6
1984.3    44.1
1984.4    51.2
1985.1    49.5
1985.2    54.3
1985.3    58.4
1985.4    56.9
1986.1    53.7
1986.2    57.5
1986.3    65.9
1986.4    61.6
1987.1    60.4
1987.2    63.5
1987.3    65.5
1987.4    61.7
1988.1    54.6
1988.2    57.1
1988.3    55.8
1988.4    56.9
1989.1    55.9
1989.2    56.2
1989.3    61.4
1989.4    55.8
1990.1    58.0
1990.2    59.8
1990.3    61.6
1990.4    62.3
1991.1    58.4
1991.2    60.7
1991.3    59.0
1991.4    54.5
1992.1    55.6
1992.2    56.9
1992.3    57.4
1992.4    54.6
1993.1    51.2
1993.2    50.3
1993.3    47.4
1993.4    49.6
1994.1    45.1
1994.2    47.7
1994.3    51.1
1994.4    46.3
1995.1    46.5
1995.2    48.4
1995.3    44.1
1995.4    45.0
1996.1    50.2
1996.2    49.5
1996.3    45.5
1996.4    42.9
1997.1    37.0
1997.2    39.3
