dgic92 -- National Defense Gross Investment (SAAR,Bil.Ch.92$)                        

  DATE    DGIC92

1959.1     41.2 
1959.2     38.9 
1959.3     39.9 
1959.4     37.6 
1960.1     36.3 
1960.2     34.0 
1960.3     36.2 
1960.4     35.1 
1961.1     39.8 
1961.2     38.4 
1961.3     40.1 
1961.4     40.3 
1962.1     41.9 
1962.2     40.2 
1962.3     41.3 
1962.4     39.3 
1963.1     35.3 
1963.2     34.0 
1963.3     36.4 
1963.4     32.6 
1964.1     32.5 
1964.2     31.2 
1964.3     30.6 
1964.4     30.5 
1965.1     28.2 
1965.2     26.2 
1965.3     27.3 
1965.4     26.2 
1966.1     31.1 
1966.2     30.4 
1966.3     33.1 
1966.4     35.6 
1967.1     37.2 
1967.2     35.4 
1967.3     38.5 
1967.4     36.4 
1968.1     33.8 
1968.2     32.8 
1968.3     32.4 
1968.4     31.1 
1969.1     33.4 
1969.2     28.0 
1969.3     30.1 
1969.4     26.1 
1970.1     28.2 
1970.2     27.5 
1970.3     26.1 
1970.4     26.9 
1971.1     21.8 
1971.2     20.1 
1971.3     19.6 
1971.4     18.9 
1972.1     22.7 
1972.2     24.3 
1972.3     22.7 
1972.4     21.8 
1973.1     24.0 
1973.2     23.8 
1973.3     19.7 
1973.4     22.2 
1974.1     20.7 
1974.2     23.9 
1974.3     23.0 
1974.4     24.3 
1975.1     24.7 
1975.2     24.8 
1975.3     26.0 
1975.4     26.4 
1976.1     26.7 
1976.2     24.0 
1976.3     27.2 
1976.4     26.9 
1977.1     27.7 
1977.2     28.0 
1977.3     26.6 
1977.4     24.5 
1978.1     23.9 
1978.2     26.3 
1978.3     26.0 
1978.4     28.8 
1979.1     26.4 
1979.2     26.9 
1979.3     31.6 
1979.4     29.9 
1980.1     31.5 
1980.2     29.9 
1980.3     28.6 
1980.4     30.9 
1981.1     29.6 
1981.2     33.0 
1981.3     34.3 
1981.4     34.8 
1982.1     33.5 
1982.2     38.8 
1982.3     37.2 
1982.4     40.3 
1983.1     39.9 
1983.2     42.3 
1983.3     44.2 
1983.4     47.1 
1984.1     47.2 
1984.2     48.3 
1984.3     45.9 
1984.4     51.1 
1985.1     51.3 
1985.2     56.7 
1985.3     59.7 
1985.4     57.6 
1986.1     55.5 
1986.2     59.6 
1986.3     68.6 
1986.4     65.0 
1987.1     64.0 
1987.2     68.2 
1987.3     70.8 
1987.4     67.1 
1988.1     58.8 
1988.2     61.9 
1988.3     60.0 
1988.4     60.6 
1989.1     59.3 
1989.2     59.4 
1989.3     64.3 
1989.4     59.6 
1990.1     60.6 
1990.2     62.6 
1990.3     63.5 
1990.4     63.3 
1991.1     59.5 
1991.2     61.2 
1991.3     59.8 
1991.4     55.0 
1992.1     56.0 
1992.2     56.8 
1992.3     57.5 
1992.4     54.2 
1993.1     50.6 
1993.2     49.5 
1993.3     46.1 
1993.4     47.6 
1994.1     42.9 
1994.2     44.5 
1994.3     48.3 
1994.4     43.4 
1995.1     43.2 
1995.2     44.3 
1995.3     40.3 
1995.4     40.6 
1996.1     43.6 
1996.2     44.9 
1996.3     41.4 
1996.4     39.2 
1997.1     33.5 
1997.2     35.4 
