dpi -- Disposable Personal Income (SAAR, Bil.$)                                   

  DATE      DPI

1959.1     342.6
1959.2     350.0
1959.3     351.2
1959.4     355.7
1960.1     360.0
1960.2     363.6
1960.3     365.3
1960.4     366.4
1961.1     370.2
1961.2     375.7
1961.3     382.3
1961.4     390.4
1962.1     394.8
1962.2     400.6
1962.3     404.5
1962.4     408.8
1963.1     413.0
1963.2     417.6
1963.3     424.3
1963.4     433.2
1964.1     443.4
1964.2     455.8
1964.3     463.7
1964.4     471.1
1965.1     477.5
1965.2     486.2
1965.3     501.8
1965.4     513.9
1966.1     522.2
1966.2     527.7
1966.3     539.0
1966.4     550.0
1967.1     559.9
1967.2     567.3
1967.3     577.7
1967.4     586.6
1968.1     603.6
1968.2     620.1
1968.3     627.7
1968.4     638.5
1969.1     645.0
1969.2     659.6
1969.3     680.3
1969.4     692.6
1970.1     703.5
1970.2     723.0
1970.3     739.1
1970.4     746.8
1971.1     768.4
1971.2     788.5
1971.3     799.2
1971.4     809.9
1972.1     823.5
1972.2     837.7
1972.3     863.8
1972.4     902.2
1973.1     925.9
1973.2     953.4
1973.3     976.0
1973.4    1012.5
1974.1    1024.9
1974.2    1041.2
1974.3    1072.3
1974.4    1088.8
1975.1    1101.2
1975.2    1168.2
1975.3    1174.1
1975.4    1206.9
1976.1    1239.5
1976.2    1259.9
1976.3    1289.6
1976.4    1319.2
1977.1    1344.3
1977.2    1383.0
1977.3    1425.9
1977.4    1471.1
1978.1    1511.8
1978.2    1566.5
1978.3    1607.3
1978.4    1657.4
1979.1    1708.0
1979.2    1744.8
1979.3    1798.2
1979.4    1851.7
1980.1    1919.4
1980.2    1930.6
1980.3    1994.2
1980.4    2077.9
1981.1    2139.2
1981.2    2165.2
1981.3    2249.1
1981.4    2279.7
1982.1    2293.1
1982.2    2343.5
1982.3    2375.2
1982.4    2411.4
1983.1    2438.8
1983.2    2492.9
1983.3    2559.5
1983.4    2634.9
1984.1    2722.4
1984.2    2797.1
1984.3    2864.5
1984.4    2895.4
1985.1    2927.2
1985.2    3012.2
1985.3    3023.7
1985.4    3085.5
1986.1    3150.3
1986.2    3180.4
1986.3    3222.7
1986.4    3240.6
1987.1    3311.3
1987.2    3310.2
1987.3    3393.7
1987.4    3483.0
1988.1    3561.0
1988.2    3612.1
1988.3    3686.8
1988.4    3750.6
1989.1    3839.8
1989.2    3878.9
1989.3    3924.0
1989.4    3981.8
1990.1    4087.4
1990.2    4155.8
1990.3    4220.1
1990.4    4254.3
1991.1    4276.3
1991.2    4342.9
1991.3    4378.9
1991.4    4429.2
1992.1    4527.5
1992.2    4597.7
1992.3    4627.1
1992.4    4754.5
1993.1    4707.0
1993.2    4818.5
1993.3    4848.7
1993.4    4942.8
1994.1    4903.4
1994.2    5016.1
1994.3    5098.2
1994.4    5193.1
1995.1    5286.6
1995.2    5319.6
1995.3    5380.2
1995.4    5436.2
1996.1    5519.4
1996.2    5573.5
1996.3    5644.6
1996.4    5695.8
1997.1    5790.5
1997.2    5849.9
