dpic92 -- Disposable Personal Income (SAAR, Ch.1992.Bil.$)                           

  DATE    DPIC92

1959.1    1512.1
1959.2    1539.2
1959.3    1535.9
1959.4    1548.2
1960.1    1564.6
1960.2    1570.8
1960.3    1572.0
1960.4    1569.3
1961.1    1581.5
1961.2    1605.9
1961.3    1628.6
1961.4    1661.7
1962.1    1676.1
1962.2    1693.1
1962.3    1704.3
1962.4    1716.6
1963.1    1729.9
1963.2    1746.0
1963.3    1765.3
1963.4    1795.8
1964.1    1830.7
1964.2    1878.6
1964.3    1905.1
1964.4    1928.6
1965.1    1947.6
1965.2    1972.4
1965.3    2026.7
1965.4    2069.0
1966.1    2086.1
1966.2    2091.7
1966.3    2119.1
1966.4    2145.4
1967.1    2176.6
1967.2    2193.7
1967.3    2212.2
1967.4    2226.6
1968.1    2265.8
1968.2    2305.0
1968.3    2311.0
1968.4    2326.6
1969.1    2331.2
1969.2    2356.4
1969.3    2403.0
1969.4    2418.2
1970.1    2427.7
1970.2    2467.1
1970.3    2494.7
1970.4    2486.6
1971.1    2532.7
1971.2    2568.6
1971.3    2577.3
1971.4    2594.7
1972.1    2610.9
1972.2    2640.1
1972.3    2698.5
1972.4    2793.5
1973.1    2832.4
1973.2    2861.7
1973.3    2879.9
1973.4    2926.8
1974.1    2879.4
1974.2    2847.6
1974.3    2858.0
1974.4    2831.6
1975.1    2816.3
1975.2    2949.8
1975.3    2908.5
1975.4    2939.7
1976.1    2985.6
1976.2    3007.3
1976.3    3029.4
1976.4    3047.9
1977.1    3052.2
1977.2    3087.0
1977.3    3135.0
1977.4    3187.5
1978.1    3220.0
1978.2    3265.5
1978.3    3288.8
1978.4    3329.5
1979.1    3359.6
1979.2    3351.0
1979.3    3367.3
1979.4    3384.1
1980.1    3402.9
1980.2    3338.3
1980.3    3369.1
1980.4    3432.5
1981.1    3446.6
1981.2    3428.5
1981.3    3496.7
1981.4    3487.7
1982.1    3464.5
1982.2    3507.0
1982.3    3498.6
1982.4    3512.4
1983.1    3523.0
1983.2    3556.4
1983.3    3609.4
1983.4    3682.3
1984.1    3769.2
1984.2    3838.7
1984.3    3900.5
1984.4    3913.1
1985.1    3917.2
1985.2    3989.6
1985.3    3971.6
1985.4    4009.6
1986.1    4066.0
1986.2    4101.8
1986.3    4122.1
1986.4    4114.0
1987.1    4153.3
1987.2    4112.3
1987.3    4171.8
1987.4    4235.6
1988.1    4303.6
1988.2    4312.6
1988.3    4343.9
1988.4    4368.5
1989.1    4416.6
1989.2    4397.9
1989.3    4417.3
1989.4    4435.6
1990.1    4489.4
1990.2    4507.8
1990.3    4513.1
1990.4    4482.3
1991.1    4466.3
1991.2    4506.3
1991.3    4507.9
1991.4    4519.5
1992.1    4578.1
1992.2    4612.4
1992.3    4613.8
1992.4    4702.5
1993.1    4622.3
1993.2    4703.9
1993.3    4716.9
1993.4    4772.5
1994.1    4715.3
1994.2    4792.8
1994.3    4827.3
1994.4    4884.9
1995.1    4938.9
1995.2    4940.9
1995.3    4973.0
1995.4    5003.9
1996.1    5047.6
1996.2    5061.3
1996.3    5094.8
1996.4    5103.8
1997.1    5161.1
1997.2    5200.9
