dspi -- Disposable Personal Income (SAAR, Bil.$)                                   

   DATE     DSPI

1959.01     340.6
1959.02     342.4
1959.03     344.9
1959.04     347.6
1959.05     350.0
1959.06     352.3
1959.07     352.0
1959.08     350.3
1959.09     351.3
1959.10     352.6
1959.11     355.4
1959.12     359.1
1960.01     359.8
1960.02     359.8
1960.03     360.2
1960.04     362.7
1960.05     363.8
1960.06     364.1
1960.07     364.9
1960.08     365.1
1960.09     365.9
1960.10     367.4
1960.11     367.0
1960.12     364.9
1961.01     368.5
1961.02     370.4
1961.03     371.7
1961.04     372.2
1961.05     375.4
1961.06     379.7
1961.07     381.8
1961.08     382.1
1961.09     383.0
1961.10     387.0
1961.11     390.9
1961.12     393.3
1962.01     391.9
1962.02     394.7
1962.03     397.9
1962.04     399.8
1962.05     400.6
1962.06     401.5
1962.07     403.2
1962.08     404.1
1962.09     406.2
1962.10     407.1
1962.11     408.9
1962.12     410.5
1963.01     414.3
1963.02     411.8
1963.03     413.0
1963.04     414.9
1963.05     417.1
1963.06     420.8
1963.07     421.6
1963.08     424.2
1963.09     427.2
1963.10     430.9
1963.11     432.2
1963.12     436.5
1964.01     438.9
1964.02     440.4
1964.03     451.1
1964.04     453.5
1964.05     455.7
1964.06     458.1
1964.07     460.6
1964.08     463.9
1964.09     466.6
1964.10     467.1
1964.11     470.3
1964.12     475.7
1965.01     476.8
1965.02     476.8
1965.03     479.0
1965.04     481.0
1965.05     487.6
1965.06     489.9
1965.07     495.2
1965.08     497.9
1965.09     512.3
1965.10     509.6
1965.11     514.1
1965.12     517.9
1966.01     518.6
1966.02     522.6
1966.03     525.3
1966.04     525.3
1966.05     526.9
1966.06     530.9
1966.07     534.1
1966.08     539.1
1966.09     543.9
1966.10     547.4
1966.11     550.9
1966.12     551.8
1967.01     557.4
1967.02     558.8
1967.03     563.4
1967.04     564.5
1967.05     566.8
1967.06     570.7
1967.07     574.9
1967.08     578.4
1967.09     579.7
1967.10     581.2
1967.11     586.3
1967.12     592.4
1968.01     596.6
1968.02     603.2
1968.03     611.0
1968.04     615.2
1968.05     620.2
1968.06     624.9
1968.07     625.3
1968.08     628.2
1968.09     629.5
1968.10     635.0
1968.11     638.7
1968.12     641.8
1969.01     642.4
1969.02     644.3
1969.03     648.4
1969.04     650.7
1969.05     660.4
1969.06     667.8
1969.07     675.2
1969.08     681.0
1969.09     684.7
1969.10     689.0
1969.11     692.3
1969.12     696.4
1970.01     699.6
1970.02     703.7
1970.03     707.3
1970.04     724.6
1970.05     722.6
1970.06     721.9
1970.07     734.4
1970.08     739.1
1970.09     743.8
1970.10     743.7
1970.11     745.1
1970.12     751.6
1971.01     764.9
1971.02     767.3
1971.03     773.0
1971.04     777.9
1971.05     783.7
1971.06     803.9
1971.07     794.2
1971.08     800.4
1971.09     803.0
1971.10     804.6
1971.11     808.2
1971.12     817.0
1972.01     816.5
1972.02     825.1
1972.03     829.0
1972.04     834.7
1972.05     842.4
1972.06     836.1
1972.07     853.7
1972.08     865.5
1972.09     872.3
1972.10     891.0
1972.11     904.0
1972.12     911.7
1973.01     913.8
1973.02     926.7
1973.03     937.3
1973.04     944.6
1973.05     953.8
1973.06     961.8
1973.07     966.3
1973.08     975.6
1973.09     986.1
1973.10    1003.2
1973.11    1014.5
1973.12    1019.9
1974.01    1022.0
1974.02    1024.8
1974.03    1027.9
1974.04    1031.7
1974.05    1041.9
1974.06    1050.0
1974.07    1065.7
1974.08    1071.8
1974.09    1079.3
1974.10    1087.9
1974.11    1086.3
1974.12    1092.1
1975.01    1096.0
1975.02    1101.9
1975.03    1105.8
1975.04    1131.5
1975.05    1204.3
1975.06    1168.8
1975.07    1161.4
1975.08    1175.2
1975.09    1185.7
1975.10    1198.7
1975.11    1206.7
1975.12    1215.2
1976.01    1230.2
1976.02    1240.6
1976.03    1247.6
1976.04    1253.4
1976.05    1260.3
1976.06    1265.9
1976.07    1280.9
1976.08    1290.2
1976.09    1297.8
1976.10    1303.1
1976.11    1321.6
1976.12    1333.0
1977.01    1337.2
1977.02    1334.5
1977.03    1361.3
1977.04    1372.2
1977.05    1381.5
1977.06    1395.3
1977.07    1413.3
1977.08    1425.6
1977.09    1438.6
1977.10    1453.2
1977.11    1473.6
1977.12    1486.6
1978.01    1491.4
1978.02    1509.1
1978.03    1534.9
1978.04    1554.6
1978.05    1567.1
1978.06    1577.9
1978.07    1593.3
1978.08    1608.2
1978.09    1620.3
1978.10    1642.9
1978.11    1656.2
1978.12    1673.1
1979.01    1691.0
1979.02    1706.4
1979.03    1726.5
1979.04    1731.6
1979.05    1745.7
1979.06    1757.3
1979.07    1783.8
1979.08    1799.6
1979.09    1811.1
1979.10    1831.8
1979.11    1850.7
1979.12    1872.5
1980.01    1910.1
1980.02    1920.2
1980.03    1927.8
1980.04    1923.2
1980.05    1927.4
1980.06    1941.3
1980.07    1974.4
1980.08    1990.9
1980.09    2017.5
1980.10    2053.0
1980.11    2077.2
1980.12    2103.5
1981.01    2123.6
1981.02    2137.7
1981.03    2156.4
1981.04    2151.3
1981.05    2162.3
1981.06    2181.9
1981.07    2232.2
1981.08    2252.5
1981.09    2262.4
1981.10    2275.6
1981.11    2283.7
1981.12    2279.7
1982.01    2283.6
1982.02    2293.4
1982.03    2302.4
1982.04    2338.9
1982.05    2345.9
1982.06    2345.7
1982.07    2371.4
1982.08    2374.8
1982.09    2379.4
1982.10    2398.2
1982.11    2413.6
1982.12    2422.4
1983.01    2430.8
1983.02    2434.0
1983.03    2451.5
1983.04    2477.4
1983.05    2496.3
1983.06    2505.0
1983.07    2549.5
1983.08    2549.0
1983.09    2580.0
1983.10    2607.7
1983.11    2634.5
1983.12    2662.5
1984.01    2691.0
1984.02    2724.6
1984.03    2751.5
1984.04    2783.5
1984.05    2791.0
1984.06    2816.9
1984.07    2836.2
1984.08    2865.9
1984.09    2891.5
1984.10    2878.4
1984.11    2898.7
1984.12    2909.0
1985.01    2938.9
1985.02    2923.9
1985.03    2918.9
1985.04    2978.8
1985.05    3058.0
1985.06    2999.7
1985.07    3012.8
1985.08    3023.3
1985.09    3034.9
1985.10    3068.2
1985.11    3076.6
1985.12    3111.7
1986.01    3133.9
1986.02    3147.2
1986.03    3169.8
1986.04    3169.8
1986.05    3180.2
1986.06    3191.1
1986.07    3211.8
1986.08    3222.0
1986.09    3234.4
1986.10    3231.6
1986.11    3238.9
1986.12    3251.2
1987.01    3285.2
1987.02    3317.7
1987.03    3331.0
1987.04    3213.1
1987.05    3354.2
1987.06    3363.3
1987.07    3370.5
1987.08    3397.9
1987.09    3412.5
1987.10    3457.5
1987.11    3478.1
1987.12    3513.4
1988.01    3533.1
1988.02    3566.7
1988.03    3583.2
1988.04    3578.2
1988.05    3612.7
1988.06    3645.5
1988.07    3671.0
1988.08    3685.0
1988.09    3704.3
1988.10    3732.0
1988.11    3743.0
1988.12    3776.8
1989.01    3806.6
1989.02    3841.4
1989.03    3871.3
1989.04    3855.2
1989.05    3876.7
1989.06    3904.7
1989.07    3917.8
1989.08    3924.4
1989.09    3929.8
1989.10    3954.6
1989.11    3987.2
1989.12    4003.7
1990.01    4059.5
1990.02    4090.2
1990.03    4112.5
1990.04    4146.8
1990.05    4146.2
1990.06    4174.4
1990.07    4205.7
1990.08    4212.5
1990.09    4242.2
1990.10    4241.1
1990.11    4250.2
1990.12    4271.7
1991.01    4265.0
1991.02    4273.8
1991.03    4290.0
1991.04    4317.1
1991.05    4340.9
1991.06    4370.8
1991.07    4361.6
1991.08    4376.8
1991.09    4398.3
1991.10    4400.5
1991.11    4422.4
1991.12    4464.7
1992.01    4494.4
1992.02    4533.0
1992.03    4555.2
1992.04    4576.7
1992.05    4599.1
1992.06    4617.2
1992.07    4624.8
1992.08    4606.6
1992.09    4649.9
1992.10    4689.4
1992.11    4709.3
1992.12    4864.6
1993.01    4705.1
1993.02    4711.9
1993.03    4704.0
1993.04    4801.1
1993.05    4830.5
1993.06    4823.9
1993.07    4826.5
1993.08    4859.9
1993.09    4859.9
1993.10    4877.5
1993.11    4897.9
1993.12    5052.9
1994.01    4850.2
1994.02    4917.0
1994.03    4943.0
1994.04    4959.7
1994.05    5040.9
1994.06    5047.6
1994.07    5074.0
1994.08    5095.3
1994.09    5125.3
1994.10    5177.2
1994.11    5185.8
1994.12    5216.3
1995.01    5273.9
1995.02    5284.3
1995.03    5301.5
1995.04    5286.3
1995.05    5324.3
1995.06    5348.3
1995.07    5370.7
1995.08    5373.8
1995.09    5396.1
1995.10    5425.4
1995.11    5435.5
1995.12    5447.7
1996.01    5483.4
1996.02    5528.9
1996.03    5545.8
1996.04    5515.3
1996.05    5578.0
1996.06    5627.3
1996.07    5619.0
1996.08    5641.9
1996.09    5673.0
1996.10    5666.2
1996.11    5693.5
1996.12    5727.6
1997.01    5757.8
1997.02    5792.7
1997.03    5821.2
1997.04    5828.4
1997.05    5842.0
1997.06    5870.4
1997.07    5874.8
