dspic92 -- Disposable Personal Income (SAAR, Bil.Chn.1992$)                           

   DATE    DSPIC92

1959.01     1504.3
1959.02     1510.6
1959.03     1521.4
1959.04     1530.8
1959.05     1540.3
1959.06     1546.5
1959.07     1542.0
1959.08     1532.9
1959.09     1533.1
1959.10     1535.5
1959.11     1546.9
1959.12     1562.1
1960.01     1566.3
1960.02     1563.7
1960.03     1563.5
1960.04     1568.6
1960.05     1571.6
1960.06     1572.1
1960.07     1572.7
1960.08     1570.7
1960.09     1572.6
1960.10     1577.1
1960.11     1570.1
1960.12     1560.7
1961.01     1574.6
1961.02     1581.9
1961.03     1588.0
1961.04     1591.6
1961.05     1603.8
1961.06     1622.3
1961.07     1628.0
1961.08     1627.8
1961.09     1630.1
1961.10     1647.2
1961.11     1663.9
1961.12     1673.7
1962.01     1667.9
1962.02     1675.0
1962.03     1685.8
1962.04     1690.9
1962.05     1692.5
1962.06     1695.8
1962.07     1703.4
1962.08     1704.9
1962.09     1704.8
1962.10     1710.0
1962.11     1716.2
1962.12     1723.6
1963.01     1736.3
1963.02     1723.8
1963.03     1730.0
1963.04     1737.9
1963.05     1744.1
1963.06     1756.3
1963.07     1755.9
1963.08     1763.6
1963.09     1776.2
1963.10     1788.9
1963.11     1791.3
1963.12     1807.4
1964.01     1813.3
1964.02     1818.0
1964.03     1860.9
1964.04     1870.2
1964.05     1879.1
1964.06     1886.7
1964.07     1893.9
1964.08     1906.7
1964.09     1914.6
1964.10     1915.3
1964.11     1925.4
1964.12     1944.9
1965.01     1946.3
1965.02     1945.4
1965.03     1951.1
1965.04     1956.1
1965.05     1978.7
1965.06     1982.3
1965.07     2001.3
1965.08     2010.9
1965.09     2067.9
1965.10     2057.0
1965.11     2071.2
1965.12     2078.9
1966.01     2079.2
1966.02     2086.7
1966.03     2092.4
1966.04     2085.9
1966.05     2089.3
1966.06     2099.9
1966.07     2107.5
1966.08     2119.0
1966.09     2130.9
1966.10     2139.7
1966.11     2149.1
1966.12     2147.3
1967.01     2169.7
1967.02     2172.1
1967.03     2188.1
1967.04     2188.2
1967.05     2192.3
1967.06     2200.7
1967.07     2208.1
1967.08     2215.1
1967.09     2213.4
1967.10     2212.4
1967.11     2224.4
1967.12     2243.3
1968.01     2248.4
1968.02     2263.7
1968.03     2285.2
1968.04     2294.0
1968.05     2305.3
1968.06     2315.6
1968.07     2310.6
1968.08     2312.2
1968.09     2310.0
1968.10     2320.3
1968.11     2326.2
1968.12     2333.6
1969.01     2328.4
1969.02     2330.0
1969.03     2335.2
1969.04     2333.8
1969.05     2360.0
1969.06     2375.3
1969.07     2393.0
1969.08     2406.8
1969.09     2409.3
1969.10     2416.5
1969.11     2417.1
1969.12     2421.0
1970.01     2422.0
1970.02     2427.2
1970.03     2433.7
1970.04     2480.6
1970.05     2465.3
1970.06     2455.5
1970.07     2487.9
1970.08     2495.9
1970.09     2500.3
1970.10     2487.0
1970.11     2481.1
1970.12     2491.7
1971.01     2529.2
1971.02     2529.4
1971.03     2539.3
1971.04     2544.7
1971.05     2553.5
1971.06     2607.4
1971.07     2567.8
1971.08     2579.3
1971.09     2584.8
1971.10     2584.6
1971.11     2591.2
1971.12     2608.4
1972.01     2596.9
1972.02     2613.6
1972.03     2622.3
1972.04     2635.6
1972.05     2654.8
1972.06     2629.9
1972.07     2676.2
1972.08     2704.6
1972.09     2714.5
1972.10     2767.0
1972.11     2799.1
1972.12     2814.4
1973.01     2812.2
1973.02     2836.7
1973.03     2848.1
1973.04     2849.5
1973.05     2864.3
1973.06     2871.0
1973.07     2875.2
1973.08     2872.9
1973.09     2891.4
1973.10     2923.5
1973.11     2933.0
1973.12     2924.0
1974.01     2904.5
1974.02     2878.4
1974.03     2855.7
1974.04     2847.2
1974.05     2848.2
1974.06     2847.6
1974.07     2870.0
1974.08     2856.0
1974.09     2848.0
1974.10     2849.5
1974.11     2825.3
1974.12     2820.2
1975.01     2815.2
1975.02     2816.5
1975.03     2817.4
1975.04     2871.5
1975.05     3043.6
1975.06     2934.5
1975.07     2890.9
1975.08     2911.4
1975.09     2922.9
1975.10     2938.1
1975.11     2938.7
1975.12     2942.4
1976.01     2968.1
1976.02     2988.4
1976.03     3000.4
1976.04     3006.6
1976.05     3007.8
1976.06     3007.6
1976.07     3026.3
1976.08     3030.7
1976.09     3031.4
1976.10     3026.4
1976.11     3054.5
1976.12     3063.0
1977.01     3056.1
1977.02     3027.3
1977.03     3073.3
1977.04     3079.9
1977.05     3083.8
1977.06     3097.3
1977.07     3120.4
1977.08     3133.6
1977.09     3150.8
1977.10     3166.0
1977.11     3192.3
1977.12     3204.1
1978.01     3194.5
1978.02     3215.5
1978.03     3250.0
1978.04     3265.2
1978.05     3265.9
1978.06     3265.6
1978.07     3278.2
1978.08     3291.2
1978.09     3297.0
1978.10     3318.6
1978.11     3327.3
1978.12     3342.5
1979.01     3349.8
1979.02     3357.1
1979.03     3371.8
1979.04     3354.4
1979.05     3351.4
1979.06     3347.2
1979.07     3367.4
1979.08     3372.2
1979.09     3362.8
1979.10     3373.9
1979.11     3384.7
1979.12     3393.6
1980.01     3423.6
1980.02     3405.4
1980.03     3379.5
1980.04     3349.9
1980.05     3330.8
1980.06     3334.1
1980.07     3364.1
1980.08     3363.8
1980.09     3379.5
1980.10     3414.9
1980.11     3429.3
1980.12     3453.2
1981.01     3453.1
1981.02     3440.8
1981.03     3446.1
1981.04     3422.6
1981.05     3423.5
1981.06     3439.4
1981.07     3494.9
1981.08     3502.2
1981.09     3492.9
1981.10     3498.7
1981.11     3491.6
1981.12     3473.1
1982.01     3459.2
1982.02     3463.7
1982.03     3470.8
1982.04     3523.6
1982.05     3511.7
1982.06     3486.1
1982.07     3502.8
1982.08     3498.7
1982.09     3494.5
1982.10     3501.6
1982.11     3513.6
1982.12     3522.1
1983.01     3517.3
1983.02     3516.6
1983.03     3535.0
1983.04     3548.2
1983.05     3560.1
1983.06     3561.0
1983.07     3609.0
1983.08     3594.6
1983.09     3624.6
1983.10     3652.5
1983.11     3679.9
1983.12     3714.5
1984.01     3739.5
1984.02     3770.9
1984.03     3796.9
1984.04     3827.5
1984.05     3831.0
1984.06     3857.7
1984.07     3874.2
1984.08     3901.1
1984.09     3925.9
1984.10     3897.3
1984.11     3917.3
1984.12     3924.7
1985.01     3950.2
1985.02     3912.5
1985.03     3889.3
1985.04     3958.3
1985.05     4050.6
1985.06     3959.8
1985.07     3968.8
1985.08     3971.8
1985.09     3974.6
1985.10     4002.9
1985.11     3997.9
1985.12     4028.0
1986.01     4041.6
1986.02     4059.0
1986.03     4097.7
1986.04     4101.7
1986.05     4103.1
1986.06     4100.7
1986.07     4120.5
1986.08     4123.7
1986.09     4122.3
1986.10     4111.6
1986.11     4111.8
1986.12     4118.6
1987.01     4135.4
1987.02     4159.3
1987.03     4165.1
1987.04     4004.3
1987.05     4168.2
1987.06     4164.2
1987.07     4162.4
1987.08     4176.5
1987.09     4176.7
1987.10     4214.7
1987.11     4227.1
1987.12     4264.8
1988.01     4278.3
1988.02     4314.0
1988.03     4318.4
1988.04     4289.6
1988.05     4314.4
1988.06     4333.9
1988.07     4342.8
1988.08     4344.4
1988.09     4344.3
1988.10     4359.8
1988.11     4360.8
1988.12     4384.9
1989.01     4394.7
1989.02     4420.1
1989.03     4434.6
1989.04     4385.8
1989.05     4392.4
1989.06     4415.5
1989.07     4418.0
1989.08     4421.3
1989.09     4412.6
1989.10     4418.0
1989.11     4441.9
1989.12     4446.8
1990.01     4479.0
1990.02     4493.7
1990.03     4495.3
1990.04     4515.1
1990.05     4499.6
1990.06     4508.8
1990.07     4527.8
1990.08     4504.6
1990.09     4507.0
1990.10     4477.4
1990.11     4477.4
1990.12     4492.3
1991.01     4463.1
1991.02     4460.6
1991.03     4475.1
1991.04     4491.3
1991.05     4502.0
1991.06     4525.7
1991.07     4504.4
1991.08     4506.3
1991.09     4512.9
1991.10     4505.9
1991.11     4510.6
1991.12     4541.8
1992.01     4558.1
1992.02     4584.2
1992.03     4592.0
1992.04     4601.3
1992.05     4614.1
1992.06     4621.7
1992.07     4611.9
1992.08     4605.2
1992.09     4624.1
1992.10     4645.1
1992.11     4657.6
1992.12     4804.8
1993.01     4632.8
1993.02     4624.8
1993.03     4609.3
1993.04     4691.1
1993.05     4714.4
1993.06     4706.2
1993.07     4703.7
1993.08     4727.1
1993.09     4720.0
1993.10     4715.9
1993.11     4727.7
1993.12     4873.8
1994.01     4677.1
1994.02     4728.3
1994.03     4740.4
1994.04     4748.3
1994.05     4818.9
1994.06     4811.2
1994.07     4818.9
1994.08     4822.8
1994.09     4840.3
1994.10     4877.5
1994.11     4877.1
1994.12     4900.0
1995.01     4936.8
1995.02     4936.3
1995.03     4943.4
1995.04     4916.5
1995.05     4945.1
1995.06     4961.3
1995.07     4973.1
1995.08     4963.6
1995.09     4982.2
1995.10     4998.5
1995.11     5005.7
1995.12     5007.7
1996.01     5027.2
1996.02     5056.3
1996.03     5059.2
1996.04     5015.7
1996.05     5065.0
1996.06     5103.2
1996.07     5079.7
1996.08     5094.4
1996.09     5110.3
1996.10     5087.2
1996.11     5101.1
1996.12     5123.0
1997.01     5142.3
1997.02     5159.4
1997.03     5181.4
1997.04     5182.6
1997.05     5196.0
1997.06     5214.9
1997.07     5211.2
