expgsc92 -- Real Exports of Goods and Services (SAAR, Bil.Chn.1992$)                   

  DATE    EXPGSC92

1959.3      75.796
1959.4      72.900
1960.1      83.214
1960.2      86.679
1960.3      88.668
1960.4      88.668
1961.1      89.262
1961.2      85.049
1961.3      88.597
1961.4      90.107
1962.1      89.493
1962.2      95.433
1962.3      95.158
1962.4      91.852
1963.1      92.133
1963.2     100.561
1963.3     101.322
1963.4     105.958
1964.1     111.738
1964.2     110.836
1964.3     114.181
1964.4     116.585
1965.1     102.530
1965.2     118.740
1965.3     116.566
1965.4     124.705
1966.1     123.075
1966.2     122.244
1966.3     123.036
1966.4     125.146
1967.1     126.982
1967.2     125.620
1967.3     124.398
1967.4     127.346
1968.1     130.268
1968.2     132.506
1968.3     140.729
1968.4     137.634
1969.1     123.171
1969.2     149.463
1969.3     147.667
1969.4     150.371
1970.1     153.780
1970.2     159.042
1970.3     158.709
1970.4     160.890
1971.1     159.598
1971.2     159.406
1971.3     168.083
1971.4     149.681
1972.1     167.354
1972.2     164.809
1972.3     172.444
1972.4     183.474
1973.1     200.316
1973.2     209.044
1973.3     210.278
1973.4     218.802
1974.1     226.443
1974.2     236.430
1974.3     225.030
1974.4     231.123
1975.1     230.522
1975.2     220.944
1975.3     224.723
1975.4     236.680
1976.1     235.945
1976.2     238.131
1976.3     244.698
1976.4     247.652
1977.1     243.784
1977.2     250.133
1977.3     252.173
1977.4     243.573
1978.1     249.468
1978.2     275.492
1978.3     278.280
1978.4     289.067
1979.1     288.882
1979.2     289.668
1979.3     299.745
1979.4     317.815
1980.1     327.726
1980.2     333.941
1980.3     332.784
1980.4     331.090
1981.1     336.748
1981.2     338.929
1981.3     331.352
1981.4     334.050
1982.1     320.367
1982.2     322.816
1982.3     308.205
1982.4     294.349
1983.1     298.933
1983.2     299.841
1983.3     304.253
1983.4     310.238
1984.1     317.483
1984.2     325.699
1984.3     331.972
1984.4     338.347
1985.1     338.679
1985.2     337.349
1985.3     332.017
1985.4     341.359
1986.1     351.340
1986.2     355.893
1986.3     364.135
1986.4     377.454
1987.1     377.665
1987.2     393.477
1987.3     411.055
1987.4     425.691
1988.1     448.832
1988.2     461.422
1988.3     469.370
1988.4     483.533
1989.1     501.974
1989.2     522.032
1989.3     521.309
1989.4     535.536
1990.1     555.211
1990.2     566.829
1990.3     561.785
1990.4     573.908
1991.1     572.341
1991.2     600.277
1991.3     603.634
1991.4     623.450
1992.1     633.009
1992.2     635.816
1992.3     639.710
1992.4     649.129
1993.1     647.230
1993.2     660.108
1993.3     646.277
1993.4     679.111
1994.1     676.029
1994.2     704.131
1994.3     722.105
1994.4     747.330
1995.1     760.368
1995.2     777.447
1995.3     802.435
1995.4     824.604
1996.1     828.178
1996.2     847.444
1996.3     851.382
1996.4     901.071
1997.1     922.652
1997.2     962.500
