expgs -- Exports of Goods and Services (SAAR, Bil.$)                                

  DATE    EXPGS

1959.1     19.7
1959.2     20.0
1959.3     21.8
1959.4     21.1
1960.1     24.2
1960.2     25.2
1960.3     25.9
1960.4     25.8
1961.1     26.1
1961.2     25.2
1961.3     26.1
1961.4     26.8
1962.1     26.6
1962.2     28.1
1962.3     28.0
1962.4     27.0
1963.1     27.2
1963.2     29.6
1963.3     29.8
1963.4     31.1
1964.1     32.9
1964.2     32.6
1964.3     33.9
1964.4     35.0
1965.1     31.5
1965.2     36.3
1965.3     35.7
1965.4     38.0
1966.1     38.2
1966.2     38.2
1966.3     39.0
1966.4     40.4
1967.1     41.7
1967.2     41.1
1967.3     40.7
1967.4     41.9
1968.1     43.2
1968.2     44.8
1968.3     47.0
1968.4     46.2
1969.1     41.9
1969.2     50.9
1969.3     51.0
1969.4     53.2
1970.1     54.7
1970.2     57.6
1970.3     57.3
1970.4     58.3
1971.1     59.5
1971.2     59.5
1971.3     62.4
1971.4     56.0
1972.1     63.5
1972.2     63.1
1972.3     66.2
1972.4     72.1
1973.1     81.0
1973.2     88.3
1973.3     94.3
1973.4    103.4
1974.1    114.6
1974.2    123.8
1974.3    124.5
1974.4    134.4
1975.1    138.0
1975.2    131.8
1975.3    133.7
1975.4    141.7
1976.1    143.1
1976.2    146.0
1976.3    150.9
1976.4    155.4
1977.1    154.8
1977.2    161.3
1977.3    161.8
1977.4    157.1
1978.1    164.0
1978.2    185.6
1978.3    190.5
1978.4    204.5
1979.1    210.7
1979.2    219.7
1979.3    232.9
1979.4    251.5
1980.1    267.1
1980.2    275.9
1980.3    282.5
1980.4    290.3
1981.1    302.8
1981.2    305.5
1981.3    299.7
1981.4    303.2
1982.1    292.3
1982.2    294.2
1982.3    279.0
1982.4    265.1
1983.1    270.6
1983.2    272.5
1983.3    278.2
1983.4    286.7
1984.1    293.7
1984.2    303.0
1984.3    306.5
1984.4    309.2
1985.1    305.9
1985.2    303.9
1985.3    297.0
1985.4    305.3
1986.1    312.2
1986.2    314.5
1986.3    320.5
1986.4    335.4
1987.1    337.4
1987.2    356.9
1987.3    373.9
1987.4    394.7
1988.1    421.1
1988.2    442.1
1988.3    456.2
1988.4    469.3
1989.1    492.6
1989.2    512.8
1989.3    509.7
1989.4    522.1
1990.1    541.6
1990.2    554.8
1990.3    555.5
1990.4    577.3
1991.1    577.4
1991.2    602.7
1991.3    602.6
1991.4    624.4
1992.1    632.4
1992.2    635.9
1992.3    640.2
1992.4    649.1
1993.1    647.1
1993.2    661.2
1993.3    646.8
1993.4    679.4
1994.1    678.5
1994.2    710.1
1994.3    732.6
1994.4    763.7
1995.1    784.5
1995.2    807.7
1995.3    831.6
1995.4    849.9
1996.1    850.2
1996.2    865.0
1996.3    863.7
1996.4    904.6
1997.1    922.2
1997.2    960.3
