fgcec92 -- Real Federal Consumption Expenditures/Gross Invest. (SAAR,Bil.Chn.92$)     

  DATE    FGCEC92

1959.3    365.568
1959.4    361.402
1960.1    344.992
1960.2    347.120
1960.3    351.096
1960.4    354.506
1961.1    353.619
1961.2    360.620
1961.3    364.929
1961.4    372.954
1962.1    386.164
1962.2    391.708
1962.3    397.015
1962.4    397.981
1963.1    388.324
1963.2    388.841
1963.3    399.533
1963.4    390.536
1964.1    389.501
1964.2    391.560
1964.3    381.655
1964.4    377.944
1965.1    374.179
1965.2    380.240
1965.3    388.160
1965.4    398.282
1966.1    407.690
1966.2    428.076
1966.3    436.550
1966.4    444.217
1967.1    474.407
1967.2    468.293
1967.3    471.804
1967.4    472.263
1968.1    480.537
1968.2    477.723
1968.3    473.604
1968.4    473.499
1969.1    466.345
1969.2    462.474
1969.3    459.819
1969.4    450.991
1970.1    439.739
1970.2    428.530
1970.3    422.036
1970.4    418.329
1971.1    406.645
1971.2    399.718
1971.3    394.834
1971.4    386.777
1972.1    396.972
1972.2    399.697
1972.3    384.749
1972.4    379.295
1973.1    381.750
1973.2    378.577
1973.3    360.568
1973.4    363.614
1974.1    367.558
1974.2    370.726
1974.3    366.608
1974.4    370.388
1975.1    368.487
1975.2    368.239
1975.3    366.866
1975.4    368.081
1976.1    365.246
1976.2    364.443
1976.3    363.561
1976.4    363.804
1977.1    365.979
1977.2    372.273
1977.3    372.152
1977.4    369.792
1978.1    370.747
1978.2    378.583
1978.3    379.253
1978.4    382.226
1979.1    381.275
1979.2    384.755
1979.3    383.102
1979.4    383.994
1980.1    395.119
1980.2    403.715
1980.3    399.274
1980.4    399.227
1981.1    406.650
1981.2    418.361
1981.3    418.113
1981.4    420.510
1982.1    420.198
1982.2    424.290
1982.3    431.017
1982.4    442.131
1983.1    444.623
1983.2    452.506
1983.3    465.120
1983.4    448.446
1984.1    450.779
1984.2    465.853
1984.3    463.103
1984.4    475.093
1985.1    482.343
1985.2    491.524
1985.3    505.231
1985.4    503.436
1986.1    500.067
1986.2    514.782
1986.3    533.853
1986.4    524.793
1987.1    526.942
1987.2    534.286
1987.3    534.180
1987.4    542.158
1988.1    527.639
1988.2    522.248
1988.3    517.865
1988.4    530.569
1989.1    521.398
1989.2    531.984
1989.3    537.718
1989.4    534.956
1990.1    542.929
1990.2    543.029
1990.3    538.198
1990.4    543.541
1991.1    547.269
1991.2    547.105
1991.3    536.282
1991.4    526.926
1992.1    525.078
1992.2    523.267
1992.3    529.603
1992.4    534.001
1993.1    512.137
1993.2    507.844
1993.3    501.456
1993.4    501.297
1994.1    487.248
1994.2    481.170
1994.3    496.403
1994.4    481.698
1995.1    480.415
1995.2    474.940
1995.3    473.409
1995.4    452.612
1996.1    460.875
1996.2    470.716
1996.3    465.737
1996.4    459.570
1997.1    452.812
1997.2    460.093
