fgexpnd -- Federal Government: Current Expenditures (SAAR, Bil.$)                     

  DATE    FGEXPND

1959.1       85.5
1959.2       87.5
1959.3       89.2
1959.4       89.9
1960.1       86.5
1960.2       89.0
1960.3       90.2
1960.4       92.8
1961.1       93.2
1961.2       96.6
1961.3       96.7
1961.4       98.0
1962.1      101.8
1962.2      103.7
1962.3      104.9
1962.4      107.3
1963.1      108.3
1963.2      108.7
1963.3      110.6
1963.4      113.1
1964.1      114.7
1964.2      116.0
1964.3      115.6
1964.4      115.2
1965.1      116.5
1965.2      119.2
1965.3      124.9
1965.4      129.2
1966.1      132.7
1966.2      138.5
1966.3      144.0
1966.4      148.4
1967.1      157.9
1967.2      158.3
1967.3      161.2
1967.4      166.2
1968.1      172.6
1968.2      178.7
1968.3      181.7
1968.4      185.6
1969.1      183.9
1969.2      189.6
1969.3      192.8
1969.4      196.9
1970.1      197.7
1970.2      211.8
1970.3      211.7
1970.4      215.3
1971.1      220.4
1971.2      229.9
1971.3      230.5
1971.4      233.6
1972.1      243.7
1972.2      253.5
1972.3      246.3
1972.4      268.9
1973.1      270.1
1973.2      274.6
1973.3      274.1
1973.4      281.7
1974.1      294.1
1974.2      305.2
1974.3      317.4
1974.4      331.5
1975.1      348.5
1975.2      370.1
1975.3      378.5
1975.4      388.0
1976.1      389.6
1976.2      392.5
1976.3      404.5
1976.4      414.5
1977.1      419.3
1977.2      427.9
1977.3      442.0
1977.4      454.2
1978.1      463.8
1978.2      470.8
1978.3      481.5
1978.4      496.4
1979.1      505.7
1979.2      517.2
1979.3      536.5
1979.4      558.7
1980.1      583.5
1980.2      606.1
1980.3      638.5
1980.4      661.7
1981.1      683.1
1981.2      694.5
1981.3      717.5
1981.4      733.3
1982.1      745.8
1982.2      761.0
1982.3      795.6
1982.4      821.8
1983.1      826.1
1983.2      848.2
1983.3      858.5
1983.4      852.6
1984.1      876.3
1984.2      893.8
1984.3      913.1
1984.4      928.3
1985.1      951.2
1985.2      966.6
1985.3      982.0
1985.4      997.0
1986.1     1003.3
1986.2     1027.7
1986.3     1044.6
1986.4     1034.8
1987.1     1045.5
1987.2     1062.5
1987.3     1065.2
1987.4     1092.0
1988.1     1110.7
1988.2     1109.2
1988.3     1116.8
1988.4     1137.1
1989.1     1164.6
1989.2     1184.4
1989.3     1198.4
1989.4     1223.3
1990.1     1261.5
1990.2     1276.9
1990.3     1286.7
1990.4     1313.0
1991.1     1274.7
1991.2     1339.3
1991.3     1366.3
1991.4     1399.8
1992.1     1450.7
1992.2     1472.8
1992.3     1484.5
1992.4     1509.5
1993.1     1505.3
1993.2     1518.0
1993.3     1527.8
1993.4     1551.9
1994.1     1533.5
1994.2     1544.3
1994.3     1571.4
1994.4     1596.4
1995.1     1620.6
1995.2     1638.5
1995.3     1649.3
1995.4     1642.0
1996.1     1679.9
1996.2     1695.4
1996.3     1698.2
1996.4     1718.8
1997.1     1730.8
1997.2     1746.0
