fgrecpt -- Federal Government Receipts (SAAR, Bil.$)                                  

  DATE    FGRECPT

1959.1       88.4
1959.2       92.2
1959.3       90.6
1959.4       91.2
1960.1       98.3
1960.2       97.3
1960.3       96.6
1960.4       95.7
1961.1       95.7
1961.2       97.6
1961.3       99.7
1961.4      102.9
1962.1      104.4
1962.2      106.1
1962.3      108.4
1962.4      109.9
1963.1      112.7
1963.2      115.2
1963.3      116.4
1963.4      117.8
1964.1      116.7
1964.2      113.4
1964.3      116.5
1964.4      118.3
1965.1      124.1
1965.2      125.9
1965.3      124.6
1965.4      128.7
1966.1      138.0
1966.2      142.9
1966.3      145.4
1966.4      147.8
1967.1      149.0
1967.2      149.7
1967.3      153.6
1967.4      158.0
1968.1      166.1
1968.2      171.2
1968.3      182.4
1968.4      187.7
1969.1      197.8
1969.2      201.1
1969.3      198.8
1969.4      200.2
1970.1      195.6
1970.2      197.5
1970.3      193.8
1970.4      193.4
1971.1      199.1
1971.2      201.7
1971.3      203.4
1971.4      208.8
1972.1      228.0
1972.2      229.3
1972.3      232.7
1972.4      240.3
1973.1      256.9
1973.2      260.3
1973.3      264.4
1973.4      274.4
1974.1      282.5
1974.2      292.3
1974.3      304.4
1974.4      301.4
1975.1      296.7
1975.2      264.6
1975.3      309.6
1975.4      318.5
1976.1      331.2
1976.2      339.1
1976.3      347.2
1976.4      354.8
1977.1      376.7
1977.2      384.9
1977.3      392.7
1977.4      404.0
1978.1      412.7
1978.2      440.2
1978.3      456.9
1978.4      476.1
1979.1      492.7
1979.2      505.0
1979.3      517.5
1979.4      529.1
1980.1      546.3
1980.2      543.0
1980.3      563.1
1980.4      593.7
1981.1      639.3
1981.2      645.5
1981.3      663.2
1981.4      649.2
1982.1      645.8
1982.2      653.0
1982.3      642.8
1982.4      643.8
1983.1      649.6
1983.2      680.7
1983.3      675.0
1983.4      682.4
1984.1      732.6
1984.2      743.7
1984.3      750.4
1984.4      760.7
1985.1      820.4
1985.2      781.1
1985.3      818.3
1985.4      825.2
1986.1      834.2
1986.2      837.3
1986.3      850.5
1986.4      878.3
1987.1      881.4
1987.2      952.5
1987.3      948.2
1987.4      967.7
1988.1      966.9
1988.2      995.8
1988.3     1002.1
1988.4     1023.9
1989.1     1072.6
1989.2     1084.2
1989.3     1073.7
1989.4     1086.9
1990.1     1107.3
1990.2     1132.7
1990.3     1144.1
1990.4     1135.2
1991.1     1140.1
1991.2     1142.6
1991.3     1152.3
1991.4     1160.9
1992.1     1183.4
1992.2     1193.1
1992.3     1187.0
1992.4     1230.5
1993.1     1227.1
1993.2     1268.8
1993.3     1277.2
1993.4     1327.2
1994.1     1324.5
1994.2     1381.1
1994.3     1383.8
1994.4     1409.5
1995.1     1429.0
1995.2     1459.0
1995.3     1472.8
1995.4     1491.9
1996.1     1526.3
1996.2     1583.8
1996.3     1598.6
1996.4     1641.6
1997.1     1675.3
1997.2     1709.3
