finsal -- Final Sales of Domestic Product (SAAR, Bil.$)                              

  DATE    FINSAL

1959.1     491.9
1959.2     501.5
1959.3     509.4
1959.4     509.5
1960.1     516.0
1960.2     523.0
1960.3     524.8
1960.4     529.6
1961.1     530.7
1961.2     537.3
1961.3     542.9
1961.4     556.6
1962.1     565.8
1962.2     577.1
1962.3     583.7
1962.4     589.8
1963.1     595.1
1963.2     606.0
1963.3     617.8
1963.4     627.9
1964.1     643.8
1964.2     653.6
1964.3     664.9
1964.4     669.7
1965.1     683.4
1965.2     699.0
1965.3     715.5
1965.4     739.9
1966.1     757.0
1966.2     767.5
1966.3     781.4
1966.4     790.1
1967.1     802.5
1967.2     816.5
1967.3     828.5
1967.4     845.0
1968.1     872.4
1968.2     891.0
1968.3     912.1
1968.4     930.2
1969.1     948.1
1969.2     964.5
1969.3     982.9
1969.4     995.2
1970.1    1011.9
1970.2    1025.0
1970.3    1042.6
1970.4    1054.4
1971.1    1084.3
1971.2    1106.3
1971.3    1126.9
1971.4    1150.0
1972.1    1185.6
1972.2    1211.9
1972.3    1233.8
1972.4    1278.1
1973.1    1323.6
1973.2    1351.7
1973.3    1379.8
1973.4    1405.6
1974.1    1433.3
1974.2    1466.2
1974.3    1504.9
1974.4    1526.8
1975.1    1572.1
1975.2    1612.5
1975.3    1657.1
1975.4    1706.1
1976.1    1751.3
1976.2    1776.1
1976.3    1811.3
1976.4    1869.4
1977.1    1919.4
1977.2    1982.1
1977.3    2031.3
1977.4    2082.5
1978.1    2119.6
1978.2    2246.8
1978.3    2307.5
1978.4    2382.8
1979.1    2440.2
1979.2    2495.0
1979.3    2581.2
1979.4    2646.1
1980.1    2713.9
1980.2    2719.8
1980.3    2817.2
1980.4    2916.5
1981.1    3001.9
1981.2    3060.8
1981.3    3125.2
1981.4    3163.1
1982.1    3199.1
1982.2    3235.3
1982.3    3254.8
1982.4    3337.2
1983.1    3394.3
1983.2    3477.2
1983.3    3565.0
1983.4    3641.2
1984.1    3711.6
1984.2    3808.9
1984.3    3869.8
1984.4    3949.5
1985.1    4055.6
1985.2    4110.5
1985.3    4201.0
1985.4    4250.9
1986.1    4313.2
1986.2    4366.8
1986.3    4456.5
1986.4    4513.9
1987.1    4541.5
1987.2    4632.1
1987.3    4720.6
1987.4    4778.2
1988.1    4886.0
1988.2    4993.9
1988.3    5084.8
1988.4    5190.1
1989.1    5277.9
1989.2    5371.4
1989.3    5463.0
1989.4    5515.4
1990.1    5651.8
1990.2    5709.8
1990.3    5768.7
1990.4    5812.9
1991.1    5838.2
1991.2    5912.2
1991.3    5944.7
1991.4    5980.9
1992.1    6122.1
1992.2    6191.0
1992.3    6260.1
1992.4    6376.6
1993.1    6413.8
1993.2    6494.7
1993.3    6560.6
1993.4    6681.3
1994.1    6741.9
1994.2    6835.1
1994.3    6936.3
1994.4    7029.6
1995.1    7116.8
1995.2    7185.0
1995.3    7281.8
1995.4    7357.4
1996.1    7456.4
1996.2    7584.3
1996.3    7638.9
1996.4    7761.0
1997.1    7867.4
1997.2    7953.2
