finslc92 -- Real Final Sales of Domestic Product (SAAR, Bil.Chn.1992$)                 

  DATE    FINSLC92

1959.3     2232.63
1959.4     2225.33
1960.1     2248.47
1960.2     2268.37
1960.3     2265.13
1960.4     2274.67
1961.1     2277.66
1961.2     2301.05
1961.3     2320.39
1961.4     2372.79
1962.1     2400.29
1962.2     2440.71
1962.3     2461.98
1962.4     2478.70
1963.1     2492.42
1963.2     2533.84
1963.3     2578.00
1963.4     2605.32
1964.1     2663.08
1964.2     2695.01
1964.3     2727.57
1964.4     2734.49
1965.1     2777.16
1965.2     2826.75
1965.3     2879.83
1965.4     2957.80
1966.1     3008.75
1966.2     3023.10
1966.3     3047.18
1966.4     3054.85
1967.1     3085.60
1967.2     3119.03
1967.3     3134.19
1967.4     3161.51
1968.1     3225.26
1968.2     3258.00
1968.3     3303.91
1968.4     3325.06
1969.1     3357.49
1969.2     3372.96
1969.3     3389.55
1969.4     3388.86
1970.1     3397.60
1970.2     3391.86
1970.3     3421.86
1970.4     3414.81
1971.1     3458.91
1971.2     3481.24
1971.3     3509.43
1971.4     3549.54
1972.1     3608.05
1972.2     3665.68
1972.3     3699.99
1972.4     3784.32
1973.1     3867.03
1973.2     3884.49
1973.3     3890.92
1973.4     3893.10
1974.1     3889.11
1974.2     3899.71
1974.3     3882.50
1974.4     3822.18
1975.1     3848.31
1975.2     3887.86
1975.3     3922.66
1975.4     3966.70
1976.1     4026.95
1976.2     4039.12
1976.3     4061.70
1976.4     4119.02
1977.1     4161.43
1977.2     4228.36
1977.3     4270.03
1977.4     4303.27
1978.1     4306.02
1978.2     4474.55
1978.3     4511.60
1978.4     4565.43
1979.1     4579.03
1979.2     4576.97
1979.3     4639.16
1979.4     4662.49
1980.1     4675.34
1980.2     4579.03
1980.3     4637.10
1980.4     4676.15
1981.1     4692.93
1981.2     4698.98
1981.3     4702.53
1981.4     4672.03
1982.1     4655.44
1982.2     4651.20
1982.3     4616.89
1982.4     4681.32
1983.1     4719.37
1983.2     4785.30
1983.3     4860.65
1983.4     4919.47
1984.1     4961.01
1984.2     5049.96
1984.3     5085.57
1984.4     5149.88
1985.1     5231.72
1985.2     5260.97
1985.3     5336.94
1985.4     5357.96
1986.1     5410.54
1986.2     5448.41
1986.3     5518.20
1986.4     5546.58
1987.1     5535.79
1987.2     5608.40
1987.3     5671.46
1987.4     5688.30
1988.1     5774.25
1988.2     5840.12
1988.3     5869.18
1988.4     5936.98
1989.1     5969.98
1989.2     6010.90
1989.3     6063.11
1989.4     6070.78
1990.1     6144.63
1990.2     6127.48
1990.3     6126.60
1990.4     6108.14
1991.1     6065.41
1991.2     6095.91
1991.3     6085.37
1991.4     6083.81
1992.1     6175.82
1992.2     6203.76
1992.3     6249.54
1992.4     6320.71
1993.1     6297.32
1993.2     6344.85
1993.3     6379.34
1993.4     6453.82
1994.1     6473.03
1994.2     6526.67
1994.3     6580.38
1994.4     6624.85
1995.1     6654.29
1995.2     6685.29
1995.3     6739.31
1995.4     6771.93
1996.1     6814.97
1996.2     6902.29
1996.3     6905.03
1996.4     6981.69
1997.1     7034.09
1997.2     7077.75
