fpi -- Fixed Private Investment (SAAR, Bil.$)                                     

  DATE      FPI

1959.1      72.3
1959.2      74.9
1959.3      76.1
1959.4      75.1
1960.1      77.8
1960.2      76.3
1960.3      74.2
1960.4      73.8
1961.1      72.7
1961.2      73.8
1961.3      75.5
1961.4      78.0
1962.1      79.8
1962.2      82.2
1962.3      82.9
1962.4      82.4
1963.1      83.3
1963.2      86.9
1963.3      88.8
1963.4      91.8
1964.1      95.0
1964.2      95.6
1964.3      97.2
1964.4      99.0
1965.1     103.5
1965.2     106.6
1965.3     109.6
1965.4     113.4
1966.1     117.0
1966.2     117.4
1966.3     117.3
1966.4     114.9
1967.1     112.7
1967.2     116.2
1967.3     118.1
1967.4     123.3
1968.1     127.5
1968.2     128.0
1968.3     130.7
1968.4     137.0
1969.1     142.7
1969.2     144.8
1969.3     148.3
1969.4     146.2
1970.1     146.5
1970.2     146.5
1970.3     148.6
1970.4     150.6
1971.1     156.8
1971.2     165.7
1971.3     170.7
1971.4     176.8
1972.1     187.2
1972.2     191.7
1972.3     195.8
1972.4     208.1
1973.1     219.0
1973.2     224.7
1973.3     228.7
1973.4     229.1
1974.1     228.0
1974.2     231.2
1974.3     235.9
1974.4     231.0
1975.1     223.9
1975.2     225.9
1975.3     234.4
1975.4     242.6
1976.1     255.2
1976.2     264.0
1976.3     270.4
1976.4     288.9
1977.1     306.4
1977.2     330.2
1977.3     341.8
1977.4     355.7
1978.1     364.8
1978.2     398.8
1978.3     417.1
1978.4     433.9
1979.1     446.8
1979.2     455.1
1979.3     474.9
1979.4     479.2
1980.1     484.6
1980.2     450.1
1980.3     464.6
1980.4     494.8
1981.1     511.6
1981.2     525.3
1981.3     533.6
1981.4     541.8
1982.1     531.5
1982.2     517.8
1982.3     505.0
1982.4     507.9
1983.1     514.6
1983.2     534.0
1983.3     563.4
1983.4     596.0
1984.1     616.0
1984.2     645.4
1984.3     659.3
1984.4     671.6
1985.1     680.0
1985.2     686.9
1985.3     685.8
1985.4     702.8
1986.1     707.0
1986.2     710.9
1986.3     712.6
1986.4     721.1
1987.1     705.3
1987.2     719.3
1987.3     732.0
1987.4     735.1
1988.1     744.3
1988.2     760.9
1988.3     766.8
1988.4     780.3
1989.1     790.1
1989.2     794.2
1989.3     808.1
1989.4     797.5
1990.1     813.9
1990.2     794.0
1990.3     791.2
1990.4     767.5
1991.1     739.7
1991.2     736.2
1991.3     738.6
1991.4     739.5
1992.1     755.4
1992.2     780.5
1992.3     788.1
1992.4     809.7
1993.1     823.5
1993.2     842.9
1993.3     858.8
1993.4     897.5
1994.1     911.0
1994.2     941.7
1994.3     956.9
1994.4     977.0
1995.1     998.7
1995.2     999.6
1995.3    1009.4
1995.4    1024.6
1996.1    1049.4
1996.2    1082.0
1996.3    1112.0
1996.4    1119.2
1997.1    1127.5
1997.2    1160.8
