fpic92 -- Real Fixed Private Investment (SAAR, Bil.Chn.1992$)                        

  DATE     FPIC92

1959.3     272.12
1959.4     268.95
1960.1     277.80
1960.2     271.70
1960.3     264.23
1960.4     263.04
1961.1     259.91
1961.2     263.22
1961.3     269.63
1961.4     278.72
1962.1     284.49
1962.2     293.61
1962.3     295.95
1962.4     294.09
1963.1     297.22
1963.2     310.54
1963.3     318.42
1963.4     328.47
1964.1     341.35
1964.2     340.20
1964.3     345.51
1964.4     347.70
1965.1     364.02
1965.2     373.84
1965.3     383.75
1965.4     392.19
1966.1     406.76
1966.2     401.22
1966.3     400.53
1966.4     387.73
1967.1     378.26
1967.2     388.38
1967.3     392.59
1967.4     404.86
1968.1     414.31
1968.2     412.00
1968.3     417.91
1968.4     428.08
1969.1     441.17
1969.2     442.79
1969.3     449.85
1969.4     437.87
1970.1     435.50
1970.2     425.61
1970.3     433.18
1970.4     434.11
1971.1     443.97
1971.2     462.29
1971.3     470.51
1971.4     482.68
1972.1     504.68
1972.2     513.58
1972.3     519.23
1972.4     543.62
1973.1     566.78
1973.2     571.21
1973.3     569.07
1973.4     562.74
1974.1     549.36
1974.2     541.04
1974.3     530.90
1974.4     499.62
1975.1     467.80
1975.2     461.10
1975.3     472.96
1975.4     482.16
1976.1     502.40
1976.2     510.61
1976.3     515.49
1976.4     541.94
1977.1     564.15
1977.2     595.22
1977.3     602.29
1977.4     613.13
1978.1     616.57
1978.2     660.23
1978.3     676.80
1978.4     689.52
1979.1     695.11
1979.2     690.39
1979.3     702.56
1979.4     694.12
1980.1     685.52
1980.2     622.53
1980.3     629.26
1980.4     656.29
1981.1     660.66
1981.2     662.64
1981.3     661.55
1981.4     657.59
1982.1     636.03
1982.2     612.75
1982.3     595.04
1982.4     597.75
1983.1     608.39
1983.2     633.40
1983.3     668.93
1983.4     706.10
1984.1     729.35
1984.2     760.69
1984.3     773.88
1984.4     785.67
1985.1     792.93
1985.2     800.06
1985.3     794.94
1985.4     809.12
1986.1     809.31
1986.2     806.56
1986.3     800.39
1986.4     803.89
1987.1     784.23
1987.2     797.71
1987.3     809.54
1987.4     806.30
1988.1     807.06
1988.2     819.02
1988.3     820.61
1988.4     826.37
1989.1     831.85
1989.2     830.87
1989.3     840.55
1989.4     824.71
1990.1     834.66
1990.2     811.19
1990.3     803.13
1990.4     774.38
1991.1     742.64
1991.2     739.41
1991.3     741.00
1991.4     742.02
1992.1     758.29
1992.2     782.37
1992.3     787.28
1992.4     805.78
1993.1     814.78
1993.2     831.07
1993.3     844.46
1993.4     880.78
1994.1     887.80
1994.2     913.18
1994.3     922.71
1994.4     938.47
1995.1     955.82
1995.2     954.03
1995.3     962.32
1995.4     976.32
1996.1    1001.53
1996.2    1035.68
1996.3    1060.89
1996.4    1068.70
1997.1    1079.01
1997.2    1111.39
