gcec92 -- Real Gov't Consumption Expenditures/Gross Investmnt (SAAR,Bil.Chn.92$)     

  DATE     GCEC92

1959.3     624.16
1959.4     618.46
1960.1     605.54
1960.2     613.61
1960.3     621.58
1960.4     627.94
1961.1     635.63
1961.2     641.16
1961.3     648.01
1961.4     663.89
1962.1     674.85
1962.2     682.42
1962.3     691.40
1962.4     695.37
1963.1     691.13
1963.2     694.53
1963.3     713.33
1963.4     708.63
1964.1     712.46
1964.2     721.42
1964.3     714.91
1964.4     714.70
1965.1     713.85
1965.2     728.42
1965.3     746.31
1965.4     761.66
1966.1     776.30
1966.2     799.95
1966.3     812.47
1966.4     829.55
1967.1     864.35
1967.2     860.15
1967.3     865.36
1967.4     872.54
1968.1     887.26
1968.2     892.19
1968.3     893.59
1968.4     896.63
1969.1     891.60
1969.2     890.80
1969.3     888.65
1969.4     878.77
1970.1     871.79
1970.2     863.16
1970.3     866.68
1970.4     865.47
1971.1     856.38
1971.2     852.55
1971.3     848.81
1971.4     846.35
1972.1     858.78
1972.2     859.90
1972.3     848.41
1972.4     849.22
1973.1     854.61
1973.2     852.33
1973.3     839.11
1973.4     847.73
1974.1     857.50
1974.2     866.89
1974.3     861.80
1974.4     865.58
1975.1     875.67
1975.2     871.58
1975.3     875.71
1975.4     882.22
1976.1     886.15
1976.2     876.80
1976.3     872.84
1976.4     871.54
1977.1     878.12
1977.2     887.62
1977.3     887.40
1977.4     885.81
1978.1     887.54
1978.2     910.94
1978.3     917.83
1978.4     925.92
1979.1     916.20
1979.2     924.82
1979.3     925.63
1979.4     932.86
1980.1     946.51
1980.2     948.29
1980.3     936.37
1980.4     934.36
1981.1     946.05
1981.2     947.73
1981.3     945.47
1981.4     951.65
1982.1     949.01
1982.2     954.70
1982.3     961.20
1982.4     975.55
1983.1     978.35
1983.2     985.01
1983.3    1001.82
1983.4     984.13
1984.1     994.11
1984.2    1016.57
1984.3    1022.51
1984.4    1040.37
1985.1    1053.17
1985.2    1072.77
1985.3    1095.67
1985.4    1098.87
1986.1    1108.28
1986.2    1129.56
1986.3    1154.51
1986.4    1147.74
1987.1    1153.44
1987.2    1162.80
1987.3    1165.92
1987.4    1181.49
1988.1    1172.52
1988.2    1176.95
1988.3    1176.06
1988.4    1198.08
1989.1    1193.50
1989.2    1211.10
1989.3    1222.58
1989.4    1228.44
1990.1    1246.51
1990.2    1248.20
1990.3    1246.83
1990.4    1259.94
1991.1    1262.62
1991.2    1263.80
1991.3    1255.07
1991.4    1250.73
1992.1    1258.54
1992.2    1257.51
1992.3    1266.49
1992.4    1272.51
1993.1    1250.10
1993.2    1253.13
1993.3    1250.54
1993.4    1254.73
1994.1    1241.95
1994.2    1243.33
1994.3    1268.13
1994.4    1255.76
1995.1    1257.70
1995.2    1257.25
1995.3    1254.95
1995.4    1237.70
1996.1    1243.20
1996.2    1265.08
1996.3    1261.55
1996.4    1261.84
1997.1    1260.50
1997.2    1270.11
