gdp -- Gross Domestic Product (SAAR, Bil.$)                                       

  DATE      GDP

1959.1     496.3
1959.2     509.3
1959.3     509.6
1959.4     513.8
1960.1     527.3
1960.2     526.1
1960.3     529.0
1960.4     523.9
1961.1     528.1
1961.2     538.9
1961.3     549.6
1961.4     562.6
1962.1     575.3
1962.2     582.8
1962.3     589.9
1962.4     592.9
1963.1     602.2
1963.2     610.9
1963.3     623.7
1963.4     632.8
1964.1     649.4
1964.2     658.4
1964.3     669.2
1964.4     675.1
1965.1     695.6
1965.2     708.2
1965.3     725.0
1965.4     747.7
1966.1     770.5
1966.2     780.0
1966.3     793.6
1966.4     807.1
1967.1     817.5
1967.2     823.3
1967.3     838.9
1967.4     854.7
1968.1     880.5
1968.2     904.9
1968.3     920.1
1968.4     936.8
1969.1     960.0
1969.2     974.1
1969.3     993.6
1969.4    1001.0
1970.1    1013.9
1970.2    1029.5
1970.3    1047.8
1970.4    1051.3
1971.1    1096.8
1971.2    1117.7
1971.3    1137.3
1971.4    1149.8
1972.1    1190.2
1972.2    1224.4
1972.3    1247.8
1972.4    1286.8
1973.1    1337.5
1973.2    1369.4
1973.3    1391.4
1973.4    1432.3
1974.1    1446.5
1974.2    1482.5
1974.3    1511.7
1974.4    1546.8
1975.1    1560.3
1975.2    1597.8
1975.3    1657.1
1975.4    1707.3
1976.1    1767.3
1976.2    1797.9
1976.3    1830.4
1976.4    1880.3
1977.1    1934.4
1977.2    2005.1
1977.3    2063.2
1977.4    2104.7
1978.1    2147.7
1978.2    2273.7
1978.3    2333.9
1978.4    2410.2
1979.1    2464.5
1979.2    2522.3
1979.3    2592.8
1979.4    2650.4
1980.1    2722.3
1980.2    2719.4
1980.3    2783.4
1980.4    2911.8
1981.1    3040.2
1981.2    3070.3
1981.3    3167.7
1981.4    3185.5
1982.1    3178.6
1982.2    3231.6
1982.3    3259.1
1982.4    3299.1
1983.1    3361.0
1983.2    3469.2
1983.3    3563.3
1983.4    3664.6
1984.1    3791.1
1984.2    3879.7
1984.3    3942.2
1984.4    3996.7
1985.1    4081.2
1985.2    4134.8
1985.3    4221.4
1985.4    4285.3
1986.1    4358.2
1986.2    4385.6
1986.3    4443.3
1986.4    4501.7
1987.1    4565.7
1987.2    4645.1
1987.3    4722.6
1987.4    4835.9
1988.1    4898.2
1988.2    5000.4
1988.3    5094.5
1988.4    5205.3
1989.1    5316.8
1989.2    5413.2
1989.3    5486.9
1989.4    5537.8
1990.1    5660.6
1990.2    5750.8
1990.3    5782.2
1990.4    5781.7
1991.1    5821.9
1991.2    5892.5
1991.3    5950.2
1991.4    6002.1
1992.1    6121.8
1992.2    6201.2
1992.3    6271.7
1992.4    6383.1
1993.1    6444.5
1993.2    6509.1
1993.3    6574.6
1993.4    6704.2
1994.1    6794.3
1994.2    6911.4
1994.3    6986.5
1994.4    7095.7
1995.1    7168.9
1995.2    7209.5
1995.3    7301.3
1995.4    7381.9
1996.1    7467.5
1996.2    7607.7
1996.3    7676.0
1996.4    7792.9
1997.1    7933.6
1997.2    8034.3
