gdp92 -- Real Gross Domestic Product (SAAR, Bil.Fxd.1992$)                          

  DATE     GDP92

1959.3    2423.2
1959.4    2435.8
1960.1    2479.1
1960.2    2478.0
1960.3    2478.6
1960.4    2461.6
1961.1    2481.4
1961.2    2517.2
1961.3    2547.8
1961.4    2596.1
1962.1    2632.6
1962.2    2658.2
1962.3    2678.1
1962.4    2687.1
1963.1    2713.7
1963.2    2752.9
1963.3    2798.3
1963.4    2817.3
1964.1    2884.0
1964.2    2911.7
1964.3    2942.8
1964.4    2954.2
1965.1    3008.9
1965.2    3051.5
1965.3    3100.5
1965.4    3169.9
1966.1    3233.5
1966.2    3246.3
1966.3    3274.0
1966.4    3295.1
1967.1    3322.2
1967.2    3336.6
1967.3    3363.0
1967.4    3389.0
1968.1    3436.8
1968.2    3490.4
1968.3    3513.5
1968.4    3532.6
1969.1    3575.9
1969.2    3582.0
1969.3    3604.5
1969.4    3593.4
1970.1    3591.6
1970.2    3587.1
1970.3    3626.6
1970.4    3602.9
1971.1    3684.4
1971.2    3694.7
1971.3    3713.5
1971.4    3724.8
1972.1    3794.6
1972.2    3872.5
1972.3    3909.0
1972.4    3978.5
1973.1    4064.9
1973.2    4084.9
1973.3    4086.5
1973.4    4108.9
1974.1    4082.0
1974.2    4099.3
1974.3    4062.0
1974.4    4051.5
1975.1    3991.1
1975.2    4031.3
1975.3    4093.2
1975.4    4143.2
1976.1    4222.6
1976.2    4245.0
1976.3    4262.3
1976.4    4304.6
1977.1    4357.4
1977.2    4423.8
1977.3    4486.8
1977.4    4487.0
1978.1    4519.5
1978.2    4661.3
1978.3    4698.2
1978.4    4750.0
1979.1    4757.6
1979.2    4759.7
1979.3    4780.5
1979.4    4796.0
1980.1    4815.5
1980.2    4696.9
1980.3    4697.3
1980.4    4782.8
1981.1    4839.7
1981.2    4813.0
1981.3    4844.7
1981.4    4782.6
1982.1    4715.2
1982.2    4740.7
1982.3    4729.9
1982.4    4744.9
1983.1    4769.9
1983.2    4871.1
1983.3    4949.6
1983.4    5032.1
1984.1    5126.1
1984.2    5185.8
1984.3    5217.9
1984.4    5254.8
1985.1    5298.8
1985.2    5332.1
1985.3    5410.8
1985.4    5439.1
1986.1    5504.3
1986.2    5508.8
1986.3    5539.2
1986.4    5571.1
1987.1    5599.9
1987.2    5653.2
1987.3    5698.9
1987.4    5779.4
1988.1    5813.0
1988.2    5867.3
1988.3    5902.2
1988.4    5972.1
1989.1    6025.1
1989.2    6063.9
1989.3    6096.2
1989.4    6103.3
1990.1    6160.2
1990.2    6179.3
1990.3    6152.1
1990.4    6087.7
1991.1    6050.4
1991.2    6078.8
1991.3    6093.5
1991.4    6106.9
1992.1    6176.1
1992.2    6213.4
1992.3    6260.5
1992.4    6327.8
1993.1    6328.7
1993.2    6361.1
1993.3    6397.5
1993.4    6483.1
1994.1    6532.7
1994.2    6608.2
1994.3    6642.3
1994.4    6709.3
1995.1    6734.4
1995.2    6746.5
1995.3    6803.8
1995.4    6854.2
1996.1    6898.1
1996.2    7011.4
1996.3    7044.0
1996.4    7119.9
1997.1    7224.0
1997.2    7309.3
