gdpctpi -- Gross Domestic Product: Chain Price Index (SA, 1992=100)                   

  DATE    GDPCTPI

1959.1     22.860
1959.2     22.920
1959.3     22.961
1959.4     23.046
1960.1     23.095
1960.2     23.210
1960.3     23.323
1960.4     23.442
1961.1     23.482
1961.2     23.509
1961.3     23.548
1961.4     23.612
1962.1     23.730
1962.2     23.797
1962.3     23.862
1962.4     23.963
1963.1     24.033
1963.2     24.071
1963.3     24.114
1963.4     24.256
1964.1     24.331
1964.2     24.411
1964.3     24.527
1964.4     24.636
1965.1     24.756
1965.2     24.881
1965.3     25.009
1965.4     25.164
1966.1     25.300
1966.2     25.500
1966.3     25.818
1966.4     26.032
1967.1     26.160
1967.2     26.321
1967.3     26.573
1967.4     26.873
1968.1     27.193
1968.2     27.496
1968.3     27.745
1968.4     28.121
1969.1     28.375
1969.2     28.737
1969.3     29.140
1969.4     29.510
1970.1     29.923
1970.2     30.360
1970.3     30.601
1970.4     31.020
1971.1     31.495
1971.2     31.934
1971.3     32.254
1971.4     32.533
1972.1     33.011
1972.2     33.227
1972.3     33.499
1972.4     33.925
1973.1     34.382
1973.2     34.964
1973.3     35.627
1973.4     36.236
1974.1     36.978
1974.2     37.786
1974.3     38.934
1974.4     40.143
1975.1     41.040
1975.2     41.669
1975.3     42.442
1975.4     43.208
1976.1     43.677
1976.2     44.167
1976.3     44.782
1976.4     45.562
1977.1     46.311
1977.2     47.084
1977.3     47.740
1977.4     48.549
1978.1     49.394
1978.2     50.426
1978.3     51.322
1978.4     52.369
1979.1     53.458
1979.2     54.699
1979.3     55.820
1979.4     56.919
1980.1     58.249
1980.2     59.594
1980.3     60.929
1980.4     62.574
1981.1     64.188
1981.2     65.346
1981.3     66.650
1981.4     67.846
1982.1     68.846
1982.2     69.710
1982.3     70.687
1982.4     71.461
1983.1     72.115
1983.2     72.841
1983.3     73.497
1983.4     74.194
1984.1     74.998
1984.2     75.617
1984.3     76.254
1984.4     76.822
1985.1     77.638
1985.2     78.253
1985.3     78.800
1985.4     79.443
1986.1     79.812
1986.2     80.255
1986.3     80.809
1986.4     81.443
1987.1     82.112
1987.2     82.676
1987.3     83.347
1987.4     84.084
1988.1     84.692
1988.2     85.560
1988.3     86.671
1988.4     87.458
1989.1     88.436
1989.2     89.403
1989.3     90.129
1989.4     90.913
1990.1     92.014
1990.2     93.197
1990.3     94.193
1990.4     95.141
1991.1     96.263
1991.2     97.018
1991.3     97.696
1991.4     98.304
1992.1     99.137
1992.2     99.814
1992.3    100.173
1992.4    100.876
1993.1    101.847
1993.2    102.375
1993.3    102.830
1993.4    103.519
1994.1    104.156
1994.2    104.736
1994.3    105.391
1994.4    106.071
1995.1    106.933
1995.2    107.485
1995.3    108.031
1995.4    108.603
1996.1    109.349
1996.2    109.857
1996.3    110.588
1996.4    111.103
1997.1    111.775
1997.2    112.272
