gdpdef -- Gross Domestic Product: Implicit Price Deflator (SA, 1992=100)             

  DATE    GDPDEF

1959.1     22.92
1959.2     22.91
1959.3     22.94
1959.4     23.03
1960.1     23.13
1960.2     23.22
1960.3     23.32
1960.4     23.40
1961.1     23.45
1961.2     23.51
1961.3     23.56
1961.4     23.63
1962.1     23.75
1962.2     23.81
1962.3     23.87
1962.4     23.94
1963.1     24.00
1963.2     24.07
1963.3     24.12
1963.4     24.29
1964.1     24.35
1964.2     24.41
1964.3     24.52
1964.4     24.64
1965.1     24.77
1965.2     24.88
1965.3     25.01
1965.4     25.17
1966.1     25.32
1966.2     25.53
1966.3     25.79
1966.4     26.02
1967.1     26.14
1967.2     26.31
1967.3     26.60
1967.4     26.90
1968.1     27.21
1968.2     27.49
1968.3     27.75
1968.4     28.12
1969.1     28.39
1969.2     28.73
1969.3     29.14
1969.4     29.51
1970.1     29.94
1970.2     30.36
1970.3     30.61
1970.4     31.02
1971.1     31.50
1971.2     31.93
1971.3     32.27
1971.4     32.54
1972.1     33.02
1972.2     33.20
1972.3     33.49
1972.4     33.95
1973.1     34.36
1973.2     34.94
1973.3     35.61
1973.4     36.29
1974.1     37.01
1974.2     37.79
1974.3     38.96
1974.4     40.13
1975.1     41.05
1975.2     41.66
1975.3     42.41
1975.4     43.19
1976.1     43.69
1976.2     44.15
1976.3     44.77
1976.4     45.57
1977.1     46.32
1977.2     47.07
1977.3     47.66
1977.4     48.63
1978.1     49.42
1978.2     50.41
1978.3     51.27
1978.4     52.35
1979.1     53.51
1979.2     54.65
1979.3     55.82
1979.4     56.92
1980.1     58.18
1980.2     59.55
1980.3     61.01
1980.4     62.59
1981.1     64.15
1981.2     65.37
1981.3     66.65
1981.4     67.87
1982.1     68.86
1982.2     69.72
1982.3     70.66
1982.4     71.44
1983.1     72.08
1983.2     72.83
1983.3     73.48
1983.4     74.19
1984.1     75.02
1984.2     75.58
1984.3     76.25
1984.4     76.81
1985.1     77.63
1985.2     78.25
1985.3     78.76
1985.4     79.45
1986.1     79.81
1986.2     80.22
1986.3     80.84
1986.4     81.45
1987.1     82.09
1987.2     82.68
1987.3     83.33
1987.4     84.09
1988.1     84.67
1988.2     85.56
1988.3     86.66
1988.4     87.44
1989.1     88.45
1989.2     89.39
1989.3     90.13
1989.4     90.88
1990.1     92.00
1990.2     93.18
1990.3     94.14
1990.4     95.11
1991.1     96.27
1991.2     97.00
1991.3     97.70
1991.4     98.31
1992.1     99.13
1992.2     99.79
1992.3    100.17
1992.4    100.88
1993.1    101.84
1993.2    102.35
1993.3    102.83
1993.4    103.51
1994.1    104.13
1994.2    104.71
1994.3    105.39
1994.4    106.09
1995.1    106.94
1995.2    107.46
1995.3    108.02
1995.4    108.61
1996.1    109.39
1996.2    109.84
1996.3    110.54
1996.4    111.05
1997.1    111.71
1997.2    112.22
