gexpnd -- Government Current Expenditures  (SAAR, Bil.$)                             

  DATE    GEXPND

1959.1     113.5
1959.2     116.2
1959.3     117.4
1959.4     119.3
1960.1     117.5
1960.2     120.5
1960.3     122.3
1960.4     125.7
1961.1     126.6
1961.2     131.2
1961.3     131.7
1961.4     133.7
1962.1     138.0
1962.2     140.3
1962.3     142.0
1962.4     144.8
1963.1     146.5
1963.2     147.4
1963.3     149.6
1963.4     152.8
1964.1     155.4
1964.2     157.6
1964.3     157.8
1964.4     158.5
1965.1     161.1
1965.2     164.6
1965.3     171.7
1965.4     176.9
1966.1     180.6
1966.2     187.4
1966.3     194.4
1966.4     200.8
1967.1     211.6
1967.2     214.6
1967.3     218.9
1967.4     224.9
1968.1     233.7
1968.2     241.4
1968.3     246.7
1968.4     252.9
1969.1     254.1
1969.2     261.7
1969.3     267.3
1969.4     273.3
1970.1     277.0
1970.2     293.9
1970.3     296.9
1970.4     303.8
1971.1     312.0
1971.2     322.8
1971.3     326.8
1971.4     331.4
1972.1     345.5
1972.2     349.9
1972.3     352.2
1972.4     364.8
1973.1     374.8
1973.2     383.9
1973.3     388.5
1973.4     398.8
1974.1     412.3
1974.2     427.9
1974.3     447.3
1974.4     465.7
1975.1     487.7
1975.2     512.3
1975.3     522.3
1975.4     536.4
1976.1     542.5
1976.2     548.7
1976.3     563.9
1976.4     573.4
1977.1     585.4
1977.2     597.0
1977.3     610.7
1977.4     628.8
1978.1     639.3
1978.2     648.1
1978.3     662.9
1978.4     679.9
1979.1     696.6
1979.2     714.6
1979.3     735.7
1979.4     762.2
1980.1     794.6
1980.2     820.7
1980.3     860.3
1980.4     887.6
1981.1     919.8
1981.2     938.2
1981.3     969.2
1981.4     991.2
1982.1    1012.0
1982.2    1031.7
1982.3    1072.7
1982.4    1103.2
1983.1    1112.5
1983.2    1137.6
1983.3    1151.3
1983.4    1150.9
1984.1    1179.2
1984.2    1200.8
1984.3    1228.5
1984.4    1246.1
1985.1    1278.7
1985.2    1299.2
1985.3    1323.3
1985.4    1345.6
1986.1    1360.8
1986.2    1387.7
1986.3    1410.5
1986.4    1424.0
1987.1    1443.5
1987.2    1464.8
1987.3    1477.1
1987.4    1512.6
1988.1    1534.9
1988.2    1539.2
1988.3    1553.5
1988.4    1583.2
1989.1    1616.6
1989.2    1646.5
1989.3    1670.5
1989.4    1707.8
1990.1    1757.8
1990.2    1783.1
1990.3    1810.4
1990.4    1852.4
1991.1    1819.7
1991.2    1889.6
1991.3    1926.3
1991.4    1964.3
1992.1    2024.0
1992.2    2051.9
1992.3    2075.7
1992.4    2109.1
1993.1    2118.0
1993.2    2138.7
1993.3    2153.4
1993.4    2177.6
1994.1    2176.2
1994.2    2194.3
1994.3    2230.3
1994.4    2257.3
1995.1    2289.0
1995.2    2314.1
1995.3    2339.5
1995.4    2343.6
1996.1    2387.0
1996.2    2404.8
1996.3    2423.6
1996.4    2455.8
1997.1    2477.4
1997.2    2498.7
