gnp -- Gross National Product (SAAR, Bil.$)                                       

  DATE      GNP

1959.1     499.0
1959.2     512.0
1959.3     512.5
1959.4     516.9
1960.1     530.3
1960.2     529.2
1960.3     532.2
1960.4     527.3
1961.1     531.8
1961.2     542.4
1961.3     553.2
1961.4     566.3
1962.1     579.0
1962.2     586.9
1962.3     594.1
1962.4     597.7
1963.1     606.8
1963.2     615.3
1963.3     628.2
1963.4     637.5
1964.1     654.5
1964.2     663.4
1964.3     674.3
1964.4     679.9
1965.1     701.2
1965.2     713.9
1965.3     730.4
1965.4     752.6
1966.1     775.6
1966.2     785.2
1966.3     798.6
1966.4     812.5
1967.1     822.8
1967.2     828.4
1967.3     844.7
1967.4     860.4
1968.1     886.4
1968.2     911.0
1968.3     926.4
1968.4     943.1
1969.1     966.4
1969.2     980.3
1969.3     999.6
1969.4    1007.1
1970.1    1020.2
1970.2    1036.2
1970.3    1054.4
1970.4    1057.4
1971.1    1104.2
1971.2    1125.8
1971.3    1144.6
1971.4    1157.6
1972.1    1198.5
1972.2    1232.6
1972.3    1256.9
1972.4    1295.9
1973.1    1348.3
1973.2    1381.1
1973.3    1405.4
1973.4    1446.7
1974.1    1463.7
1974.2    1499.1
1974.3    1527.2
1974.4    1560.3
1975.1    1572.0
1975.2    1609.7
1975.3    1670.3
1975.4    1723.5
1976.1    1783.3
1976.2    1814.8
1976.3    1847.8
1976.4    1898.5
1977.1    1955.5
1977.2    2026.2
1977.3    2084.5
1977.4    2123.9
1978.1    2170.1
1978.2    2292.8
1978.3    2355.3
1978.4    2435.5
1979.1    2491.1
1979.2    2552.7
1979.3    2629.9
1979.4    2687.8
1980.1    2761.2
1980.2    2756.2
1980.3    2819.0
1980.4    2941.7
1981.1    3073.6
1981.2    3102.4
1981.3    3202.1
1981.4    3224.4
1982.1    3210.0
1982.2    3267.1
1982.3    3288.4
1982.4    3327.3
1983.1    3389.7
1983.2    3500.8
1983.3    3596.2
1983.4    3699.5
1984.1    3822.7
1984.2    3911.9
1984.3    3974.5
1984.4    4025.0
1985.1    4101.3
1985.2    4158.1
1985.3    4238.4
1985.4    4306.4
1986.1    4376.6
1986.2    4398.2
1986.3    4456.7
1986.4    4508.7
1987.1    4573.2
1987.2    4655.6
1987.3    4731.4
1987.4    4844.9
1988.1    4914.2
1988.2    5013.5
1988.3    5105.3
1988.4    5217.5
1989.1    5329.0
1989.2    5424.0
1989.3    5501.4
1989.4    5556.8
1990.1    5681.6
1990.2    5767.6
1990.3    5796.6
1990.4    5813.8
1991.1    5848.8
1991.2    5904.7
1991.3    5959.6
1991.4    6016.5
1992.1    6138.3
1992.2    6212.2
1992.3    6281.1
1992.4    6390.5
1993.1    6468.1
1993.2    6525.3
1993.3    6596.9
1993.4    6717.1
1994.1    6811.2
1994.2    6920.3
1994.3    6992.3
1994.4    7096.8
1995.1    7175.1
1995.2    7220.6
1995.3    7298.3
1995.4    7388.5
1996.1    7475.3
1996.2    7610.5
1996.3    7669.1
1996.4    7796.1
1997.1    7919.2
1997.2    8013.6
