gnp92 -- Real Gross National Product (SAAR, Bil.Fxd.1992$)                          

  DATE     GNP92

1959.3    2442.1
1959.4    2449.9
1960.1    2498.6
1960.2    2497.3
1960.3    2495.3
1960.4    2475.0
1961.1    2498.0
1961.2    2533.2
1961.3    2565.3
1961.4    2616.0
1962.1    2652.1
1962.2    2675.8
1962.3    2696.9
1962.4    2709.1
1963.1    2734.3
1963.2    2773.6
1963.3    2819.5
1963.4    2839.0
1964.1    2907.7
1964.2    2934.3
1964.3    2965.7
1964.4    2975.1
1965.1    3031.7
1965.2    3079.1
1965.3    3121.7
1965.4    3191.8
1966.1    3254.4
1966.2    3266.5
1966.3    3293.9
1966.4    3315.4
1967.1    3343.7
1967.2    3357.5
1967.3    3386.4
1967.4    3412.0
1968.1    3460.9
1968.2    3515.5
1968.3    3539.8
1968.4    3558.6
1969.1    3602.0
1969.2    3607.0
1969.3    3628.0
1969.4    3615.5
1970.1    3613.2
1970.2    3608.6
1970.3    3647.4
1970.4    3621.9
1971.1    3708.0
1971.2    3720.1
1971.3    3736.2
1971.4    3748.6
1972.1    3819.0
1972.2    3895.9
1972.3    3934.3
1972.4    4003.3
1973.1    4093.5
1973.2    4115.5
1973.3    4123.5
1973.4    4147.2
1974.1    4129.2
1974.2    4144.8
1974.3    4103.0
1974.4    4085.4
1975.1    4017.3
1975.2    4056.7
1975.3    4120.9
1975.4    4178.4
1976.1    4257.8
1976.2    4282.9
1976.3    4302.0
1976.4    4346.8
1977.1    4407.8
1977.2    4474.8
1977.3    4536.8
1977.4    4529.4
1978.1    4563.8
1978.2    4694.8
1978.3    4734.2
1978.4    4792.7
1979.1    4803.8
1979.2    4812.8
1979.3    4845.3
1979.4    4860.7
1980.1    4881.3
1980.2    4757.7
1980.3    4755.2
1980.4    4830.7
1981.1    4893.2
1981.2    4864.9
1981.3    4900.0
1981.4    4843.6
1982.1    4763.0
1982.2    4794.0
1982.3    4774.1
1982.4    4788.0
1983.1    4813.8
1983.2    4919.3
1983.3    4998.1
1983.4    5081.2
1984.1    5166.5
1984.2    5224.7
1984.3    5256.2
1984.4    5289.7
1985.1    5326.7
1985.2    5366.5
1985.3    5437.2
1985.4    5468.9
1986.1    5529.8
1986.2    5525.3
1986.3    5555.4
1986.4    5578.0
1987.1    5606.6
1987.2    5663.0
1987.3    5706.2
1987.4    5787.3
1988.1    5827.9
1988.2    5878.7
1988.3    5911.0
1988.4    5982.4
1989.1    6035.4
1989.2    6072.1
1989.3    6108.7
1989.4    6121.9
1990.1    6182.1
1990.2    6198.6
1990.3    6168.8
1990.4    6122.2
1991.1    6077.7
1991.2    6089.8
1991.3    6101.6
1991.4    6120.3
1992.1    6192.1
1992.2    6224.3
1992.3    6270.2
1992.4    6335.5
1993.1    6352.0
1993.2    6377.1
1993.3    6419.4
1993.4    6495.9
1994.1    6548.8
1994.2    6617.2
1994.3    6648.4
1994.4    6711.9
1995.1    6742.0
1995.2    6758.6
1995.3    6802.8
1995.4    6861.8
1996.1    6906.4
1996.2    7015.4
1996.3    7040.1
1996.4    7125.4
1997.1    7213.9
1997.2    7293.8
