gnpctpi -- Gross National Product: Chain Price Index (SA, 1992=100)                   

  DATE    GNPCTPI

1959.1     22.870
1959.2     22.930
1959.3     22.968
1959.4     23.053
1960.1     23.102
1960.2     23.216
1960.3     23.330
1960.4     23.448
1961.1     23.487
1961.2     23.516
1961.3     23.555
1961.4     23.619
1962.1     23.739
1962.2     23.805
1962.3     23.871
1962.4     23.973
1963.1     24.042
1963.2     24.080
1963.3     24.124
1963.4     24.266
1964.1     24.340
1964.2     24.420
1964.3     24.537
1964.4     24.646
1965.1     24.767
1965.2     24.892
1965.3     25.020
1965.4     25.175
1966.1     25.313
1966.2     25.513
1966.3     25.830
1966.4     26.044
1967.1     26.172
1967.2     26.333
1967.3     26.586
1967.4     26.886
1968.1     27.207
1968.2     27.510
1968.3     27.759
1968.4     28.135
1969.1     28.389
1969.2     28.750
1969.3     29.154
1969.4     29.523
1970.1     29.936
1970.2     30.374
1970.3     30.615
1970.4     31.034
1971.1     31.510
1971.2     31.950
1971.3     32.272
1971.4     32.551
1972.1     33.028
1972.2     33.245
1972.3     33.517
1972.4     33.944
1973.1     34.402
1973.2     34.985
1973.3     35.647
1973.4     36.259
1974.1     36.998
1974.2     37.804
1974.3     38.953
1974.4     40.160
1975.1     41.061
1975.2     41.689
1975.3     42.465
1975.4     43.232
1976.1     43.704
1976.2     44.194
1976.3     44.810
1976.4     45.591
1977.1     46.338
1977.2     47.114
1977.3     47.771
1977.4     48.579
1978.1     49.421
1978.2     50.456
1978.3     51.354
1978.4     52.403
1979.1     53.492
1979.2     54.732
1979.3     55.853
1979.4     56.951
1980.1     58.280
1980.2     59.626
1980.3     60.964
1980.4     62.612
1981.1     64.234
1981.2     65.393
1981.3     66.697
1981.4     67.893
1982.1     68.889
1982.2     69.753
1982.3     70.723
1982.4     71.493
1983.1     72.155
1983.2     72.880
1983.3     73.537
1983.4     74.235
1984.1     75.043
1984.2     75.662
1984.3     76.299
1984.4     76.865
1985.1     77.680
1985.2     78.293
1985.3     78.839
1985.4     79.483
1986.1     79.852
1986.2     80.293
1986.3     80.845
1986.4     81.477
1987.1     82.146
1987.2     82.707
1987.3     83.375
1987.4     84.108
1988.1     84.719
1988.2     85.589
1988.3     86.696
1988.4     87.485
1989.1     88.461
1989.2     89.434
1989.3     90.165
1989.4     90.948
1990.1     92.055
1990.2     93.224
1990.3     94.217
1990.4     95.162
1991.1     96.280
1991.2     97.032
1991.3     97.704
1991.4     98.309
1992.1     99.141
1992.2     99.814
1992.3    100.172
1992.4    100.874
1993.1    101.843
1993.2    102.371
1993.3    102.828
1993.4    103.513
1994.1    104.158
1994.2    104.729
1994.3    105.380
1994.4    106.046
1995.1    106.904
1995.2    107.456
1995.3    108.002
1995.4    108.578
1996.1    109.329
1996.2    109.832
1996.3    110.546
1996.4    111.057
1997.1    111.729
1997.2    112.220
