gnpc92 -- Real Gross National Product (SAAR, Bil.Chn.1992$)                          

  DATE    GNPC92

1959.1    2176.2
1959.2    2234.5
1959.3    2233.5
1959.4    2243.9
1960.1    2291.6
1960.2    2278.2
1960.3    2281.6
1960.4    2252.7
1961.1    2266.8
1961.2    2306.3
1961.3    2347.1
1961.4    2395.9
1962.1    2437.4
1962.2    2464.4
1962.3    2488.4
1962.4    2495.9
1963.1    2526.9
1963.2    2555.5
1963.3    2604.0
1963.4    2622.9
1964.1    2686.8
1964.2    2716.8
1964.3    2749.5
1964.4    2758.1
1965.1    2830.0
1965.2    2868.2
1965.3    2918.9
1965.4    2988.6
1966.1    3061.1
1966.2    3074.2
1966.3    3094.7
1966.4    3121.4
1967.1    3145.9
1967.2    3147.7
1967.3    3174.4
1967.4    3197.5
1968.1    3256.2
1968.2    3312.5
1968.3    3337.3
1968.4    3352.2
1969.1    3402.8
1969.2    3410.3
1969.3    3428.5
1969.4    3411.4
1970.1    3406.0
1970.2    3411.9
1970.3    3442.9
1970.4    3407.4
1971.1    3503.3
1971.2    3524.3
1971.3    3544.7
1971.4    3556.0
1972.1    3627.9
1972.2    3710.7
1972.3    3751.2
1972.4    3815.3
1973.1    3921.5
1973.2    3950.4
1973.3    3944.1
1973.4    3984.4
1974.1    3952.4
1974.2    3964.3
1974.3    3917.6
1974.4    3886.1
1975.1    3827.3
1975.2    3861.8
1975.3    3936.1
1975.4    3987.9
1976.1    4078.8
1976.2    4107.9
1976.3    4124.8
1976.4    4163.7
1977.1    4219.4
1977.2    4302.2
1977.3    4371.2
1977.4    4365.0
1978.1    4388.6
1978.2    4546.1
1978.3    4591.1
1978.4    4649.0
1979.1    4652.6
1979.2    4668.7
1979.3    4708.8
1979.4    4719.5
1980.1    4743.0
1980.2    4625.6
1980.3    4617.8
1980.4    4696.6
1981.1    4787.7
1981.2    4742.6
1981.3    4801.4
1981.4    4747.9
1982.1    4658.5
1982.2    4682.9
1982.3    4651.1
1982.4    4655.6
1983.1    4700.1
1983.2    4804.4
1983.3    4891.3
1983.4    4983.5
1984.1    5092.6
1984.2    5172.4
1984.3    5209.5
1984.4    5237.5
1985.1    5280.3
1985.2    5310.8
1985.3    5378.4
1985.4    5417.5
1986.1    5481.1
1986.2    5480.1
1986.3    5510.4
1986.4    5533.1
1987.1    5568.7
1987.2    5628.7
1987.3    5676.0
1987.4    5759.6
1988.1    5802.3
1988.2    5857.5
1988.3    5889.4
1988.4    5964.9
1989.1    6023.1
1989.2    6065.5
1989.3    6101.8
1989.4    6112.3
1990.1    6172.8
1990.2    6188.0
1990.3    6155.7
1990.4    6111.3
1991.1    6074.3
1991.2    6086.4
1991.3    6099.2
1991.4    6119.5
1992.1    6192.0
1992.2    6225.2
1992.3    6270.3
1992.4    6334.6
1993.1    6351.3
1993.2    6375.9
1993.3    6415.3
1993.4    6489.7
1994.1    6540.5
1994.2    6609.3
1994.3    6635.6
1994.4    6691.2
1995.1    6711.3
1995.2    6721.0
1995.3    6758.3
1995.4    6804.2
1996.1    6834.7
1996.2    6930.1
1996.3    6940.2
1996.4    7023.1
1997.1    7091.8
1997.2    7144.4
