gnpdef -- Gross National Product: Implicit Price Deflator (SA, 1992=100)             

  DATE    GNPDEF

1959.1     22.93
1959.2     22.91
1959.3     22.95
1959.4     23.04
1960.1     23.14
1960.2     23.23
1960.3     23.33
1960.4     23.41
1961.1     23.46
1961.2     23.52
1961.3     23.57
1961.4     23.64
1962.1     23.76
1962.2     23.81
1962.3     23.87
1962.4     23.95
1963.1     24.01
1963.2     24.08
1963.3     24.13
1963.4     24.30
1964.1     24.36
1964.2     24.42
1964.3     24.53
1964.4     24.65
1965.1     24.78
1965.2     24.89
1965.3     25.02
1965.4     25.18
1966.1     25.34
1966.2     25.54
1966.3     25.81
1966.4     26.03
1967.1     26.15
1967.2     26.32
1967.3     26.61
1967.4     26.91
1968.1     27.22
1968.2     27.50
1968.3     27.76
1968.4     28.13
1969.1     28.40
1969.2     28.75
1969.3     29.16
1969.4     29.52
1970.1     29.95
1970.2     30.37
1970.3     30.63
1970.4     31.03
1971.1     31.52
1971.2     31.94
1971.3     32.29
1971.4     32.55
1972.1     33.03
1972.2     33.22
1972.3     33.51
1972.4     33.97
1973.1     34.38
1973.2     34.96
1973.3     35.63
1973.4     36.31
1974.1     37.03
1974.2     37.81
1974.3     38.98
1974.4     40.15
1975.1     41.07
1975.2     41.68
1975.3     42.44
1975.4     43.22
1976.1     43.72
1976.2     44.18
1976.3     44.80
1976.4     45.60
1977.1     46.34
1977.2     47.10
1977.3     47.69
1977.4     48.66
1978.1     49.45
1978.2     50.44
1978.3     51.30
1978.4     52.39
1979.1     53.54
1979.2     54.68
1979.3     55.85
1979.4     56.95
1980.1     58.22
1980.2     59.58
1980.3     61.05
1980.4     62.64
1981.1     64.20
1981.2     65.42
1981.3     66.69
1981.4     67.91
1982.1     68.91
1982.2     69.77
1982.3     70.70
1982.4     71.47
1983.1     72.12
1983.2     72.87
1983.3     73.52
1983.4     74.24
1984.1     75.06
1984.2     75.63
1984.3     76.29
1984.4     76.85
1985.1     77.67
1985.2     78.29
1985.3     78.80
1985.4     79.49
1986.1     79.85
1986.2     80.26
1986.3     80.88
1986.4     81.49
1987.1     82.12
1987.2     82.71
1987.3     83.36
1987.4     84.12
1988.1     84.69
1988.2     85.59
1988.3     86.69
1988.4     87.47
1989.1     88.48
1989.2     89.42
1989.3     90.16
1989.4     90.91
1990.1     92.04
1990.2     93.21
1990.3     94.17
1990.4     95.13
1991.1     96.29
1991.2     97.01
1991.3     97.71
1991.4     98.32
1992.1     99.13
1992.2     99.79
1992.3    100.17
1992.4    100.88
1993.1    101.84
1993.2    102.34
1993.3    102.83
1993.4    103.50
1994.1    104.14
1994.2    104.71
1994.3    105.38
1994.4    106.06
1995.1    106.91
1995.2    107.43
1995.3    107.99
1995.4    108.59
1996.1    109.37
1996.2    109.82
1996.3    110.50
1996.4    111.01
1997.1    111.67
1997.2    112.17
