gpdictpi -- Gross Private Domestic Investment: Chain Price Index (SA, 1992=100)        

  DATE    GPDICTPI

1959.1      28.870
1959.2      29.050
1959.3      29.080
1959.4      29.038
1960.1      29.028
1960.2      29.144
1960.3      29.135
1960.4      29.204
1961.1      29.234
1961.2      29.161
1961.3      29.060
1961.4      29.066
1962.1      29.147
1962.2      29.074
1962.3      29.090
1962.4      29.133
1963.1      29.100
1963.2      29.079
1963.3      28.945
1963.4      29.027
1964.1      28.896
1964.2      29.170
1964.3      29.233
1964.4      29.536
1965.1      29.497
1965.2      29.576
1965.3      29.715
1965.4      29.971
1966.1      29.774
1966.2      30.093
1966.3      30.496
1966.4      30.806
1967.1      30.884
1967.2      30.945
1967.3      31.090
1967.4      31.462
1968.1      31.809
1968.2      32.108
1968.3      32.279
1968.4      33.006
1969.1      33.337
1969.2      33.680
1969.3      33.956
1969.4      34.410
1970.1      34.664
1970.2      35.441
1970.3      35.270
1970.4      35.697
1971.1      36.323
1971.2      36.910
1971.3      37.329
1971.4      37.646
1972.1      38.190
1972.2      38.433
1972.3      38.790
1972.4      39.347
1973.1      39.741
1973.2      40.464
1973.3      41.234
1973.4      41.759
1974.1      42.534
1974.2      43.862
1974.3      45.669
1974.4      47.561
1975.1      49.171
1975.2      50.304
1975.3      50.868
1975.4      51.584
1976.1      52.060
1976.2      52.986
1976.3      53.741
1976.4      54.546
1977.1      55.567
1977.2      56.729
1977.3      57.853
1977.4      59.012
1978.1      60.191
1978.2      61.559
1978.3      62.689
1978.4      63.963
1979.1      65.295
1979.2      66.993
1979.3      68.592
1979.4      69.999
1980.1      71.681
1980.2      73.439
1980.3      75.001
1980.4      76.596
1981.1      78.658
1981.2      80.542
1981.3      81.818
1981.4      83.345
1982.1      84.456
1982.2      85.389
1982.3      85.774
1982.4      85.890
1983.1      85.447
1983.2      85.154
1983.3      84.988
1983.4      85.196
1984.1      85.349
1984.2      85.826
1984.3      86.057
1984.4      86.233
1985.1      86.440
1985.2      86.502
1985.3      86.895
1985.4      87.412
1986.1      87.825
1986.2      88.545
1986.3      89.431
1986.4      90.073
1987.1      90.403
1987.2      90.691
1987.3      90.963
1987.4      91.646
1988.1      92.526
1988.2      93.150
1988.3      93.606
1988.4      94.575
1989.1      95.174
1989.2      95.847
1989.3      96.345
1989.4      96.859
1990.1      97.610
1990.2      97.958
1990.3      98.616
1990.4      99.278
1991.1      99.729
1991.2      99.684
1991.3      99.739
1991.4      99.656
1992.1      99.609
1992.2      99.801
1992.3     100.103
1992.4     100.488
1993.1     101.064
1993.2     101.418
1993.3     101.646
1993.4     101.854
1994.1     102.567
1994.2     103.102
1994.3     103.628
1994.4     103.964
1995.1     104.432
1995.2     104.859
1995.3     104.816
1995.4     104.736
1996.1     104.565
1996.2     104.307
1996.3     104.627
1996.4     104.502
1997.1     104.230
1997.2     104.065
