gpdi -- Gross Private Domestic Investment (SAAR, Bil.$)                            

  DATE     GPDI

1959.1      76.7
1959.2      82.7
1959.3      76.3
1959.4      79.4
1960.1      89.1
1960.2      79.4
1960.3      78.4
1960.4      68.1
1961.1      70.1
1961.2      75.4
1961.3      82.2
1961.4      84.0
1962.1      89.3
1962.2      87.9
1962.3      89.1
1962.4      85.4
1963.1      90.3
1963.2      91.8
1963.3      94.7
1963.4      96.6
1964.1     100.6
1964.2     100.4
1964.3     101.5
1964.4     104.4
1965.1     115.8
1965.2     115.8
1965.3     119.1
1965.4     121.3
1966.1     130.5
1966.2     129.9
1966.3     129.4
1966.4     132.0
1967.1     127.7
1967.2     123.0
1967.3     128.5
1967.4     133.0
1968.1     135.7
1968.2     141.9
1968.3     138.7
1968.4     143.5
1969.1     154.7
1969.2     154.4
1969.3     159.0
1969.4     152.0
1970.1     148.5
1970.2     151.1
1970.3     153.8
1970.4     147.6
1971.1     169.3
1971.2     177.1
1971.3     181.1
1971.4     176.6
1972.1     191.8
1972.2     204.2
1972.3     209.8
1972.4     216.8
1973.1     232.9
1973.2     242.4
1973.3     240.3
1973.4     255.8
1974.1     241.2
1974.2     247.5
1974.3     242.8
1974.4     251.0
1975.1     212.2
1975.2     211.2
1975.3     234.3
1975.4     243.7
1976.1     271.3
1976.2     285.8
1976.3     289.5
1976.4     299.8
1977.1     321.3
1977.2     353.2
1977.3     373.8
1977.4     378.0
1978.1     392.9
1978.2     425.6
1978.3     443.5
1978.4     461.2
1979.1     471.1
1979.2     482.4
1979.3     486.4
1979.4     483.5
1980.1     493.0
1980.2     449.8
1980.3     430.8
1980.4     490.1
1981.1     549.9
1981.2     534.7
1981.3     576.1
1981.4     564.1
1982.1     511.1
1982.2     514.1
1982.3     509.3
1982.4     469.8
1983.1     481.3
1983.2     526.0
1983.3     561.7
1983.4     619.4
1984.1     695.6
1984.2     716.2
1984.3     731.7
1984.4     718.8
1985.1     705.6
1985.2     711.2
1985.3     706.3
1985.4     737.2
1986.1     752.1
1986.2     729.7
1986.3     699.4
1986.4     708.9
1987.1     729.6
1987.2     732.3
1987.3     734.0
1987.4     792.8
1988.1     756.5
1988.2     767.3
1988.3     776.5
1988.4     795.5
1989.1     829.0
1989.2     836.0
1989.3     832.0
1989.4     819.9
1990.1     822.7
1990.2     835.0
1990.3     804.7
1990.4     736.3
1991.1     723.5
1991.2     716.4
1991.3     744.1
1991.4     760.7
1992.1     755.2
1992.2     790.7
1992.3     799.7
1992.4     816.1
1993.1     854.3
1993.2     857.4
1993.3     872.8
1993.4     920.3
1994.1     963.4
1994.2    1017.9
1994.3    1007.1
1994.4    1043.1
1995.1    1050.8
1995.2    1024.0
1995.3    1028.8
1995.4    1049.1
1996.1    1060.5
1996.2    1105.4
1996.3    1149.2
1996.4    1151.1
1997.1    1193.6
1997.2    1242.0
