gpdic92 -- Real Gross Private Domestic Investment (SAAR, Bil.Chn.1992$)               

  DATE    GPDIC92

1959.3     265.33
1959.4     275.62
1960.1     304.28
1960.2     271.74
1960.3     269.35
1960.4     236.59
1961.1     241.67
1961.2     258.62
1961.3     282.18
1961.4     287.96
1962.1     305.19
1962.2     301.94
1962.3     306.47
1962.4     294.97
1963.1     313.10
1963.2     316.19
1963.3     327.39
1963.4     329.73
1964.1     346.07
1964.2     344.18
1964.3     349.06
1964.4     353.86
1965.1     391.99
1965.2     391.60
1965.3     400.91
1965.4     404.25
1966.1     436.10
1966.2     429.82
1966.3     426.67
1966.4     429.82
1967.1     415.75
1967.2     399.30
1967.3     411.49
1967.4     420.56
1968.1     425.24
1968.2     442.88
1968.3     430.09
1968.4     434.93
1969.1     463.31
1969.2     458.92
1969.3     468.21
1969.4     442.57
1970.1     427.56
1970.2     427.27
1970.3     435.87
1970.4     413.82
1971.1     464.98
1971.2     480.56
1971.3     484.08
1971.4     469.98
1972.1     502.39
1972.2     533.29
1972.3     542.38
1972.4     549.13
1973.1     588.63
1973.2     601.03
1973.3     582.98
1973.4     609.17
1974.1     565.54
1974.2     561.05
1974.3     530.30
1974.4     529.16
1975.1     431.16
1975.2     419.90
1975.3     462.45
1975.4     472.79
1976.1     519.71
1976.2     540.50
1976.3     539.89
1976.4     549.61
1977.1     577.71
1977.2     622.68
1977.3     652.78
1977.4     635.33
1978.1     650.45
1978.2     691.00
1978.3     710.74
1978.4     721.45
1979.1     717.76
1979.2     722.91
1979.3     708.22
1979.4     690.09
1980.1     689.64
1980.2     614.48
1980.3     570.71
1980.4     638.28
1981.1     699.81
1981.2     662.43
1981.3     704.55
1981.4     677.08
1982.1     605.77
1982.2     601.59
1982.3     593.71
1982.4     547.63
1983.1     563.91
1983.2     617.68
1983.3     661.44
1983.4     725.34
1984.1     812.24
1984.2     835.58
1984.3     850.76
1984.4     834.93
1985.1     816.57
1985.2     821.11
1985.3     815.95
1985.4     841.77
1986.1     855.31
1986.2     824.00
1986.3     781.26
1986.4     786.69
1987.1     808.61
1987.2     807.13
1987.3     806.35
1987.4     864.02
1988.1     817.81
1988.2     823.19
1988.3     829.98
1988.4     841.66
1989.1     870.48
1989.2     873.10
1989.3     863.96
1989.4     846.34
1990.1     842.60
1990.2     853.40
1990.3     817.86
1990.4     746.15
1991.1     725.05
1991.2     718.53
1991.3     745.79
1991.4     763.21
1992.1     758.23
1992.2     792.82
1992.3     798.50
1992.4     812.16
1993.1     845.47
1993.2     846.15
1993.3     858.62
1993.4     904.04
1994.1     939.86
1994.2     987.75
1994.3     972.21
1994.4    1002.97
1995.1    1005.79
1995.2     977.47
1995.3     981.99
1995.4    1000.84
1996.1    1012.25
1996.2    1059.21
1996.3    1100.34
1996.4    1104.80
1997.1    1149.22
1997.2    1197.11
