gpsave -- Gross Private Saving (SAAR, Bil.$)                                         

  DATE    GPSAVE

1959.1      82.2
1959.2      86.0
1959.3      78.9
1959.4      82.0
1960.1      84.3
1960.2      80.1
1960.3      81.9
1960.4      80.0
1961.1      82.4
1961.2      86.1
1961.3      90.6
1961.4      93.0
1962.1      97.0
1962.2      96.1
1962.3      96.4
1962.4      96.6
1963.1      97.1
1963.2      98.9
1963.3      99.0
1963.4     104.0
1964.1     108.3
1964.2     112.6
1964.3     112.0
1964.4     116.5
1965.1     118.7
1965.2     120.9
1965.3     127.7
1965.4     127.9
1966.1     128.2
1966.2     129.1
1966.3     130.8
1966.4     139.8
1967.1     142.7
1967.2     139.7
1967.3     144.5
1967.4     149.3
1968.1     144.1
1968.2     149.9
1968.3     141.7
1968.4     145.9
1969.1     141.2
1969.2     144.2
1969.3     155.2
1969.4     152.4
1970.1     150.6
1970.2     166.1
1970.3     169.6
1970.4     169.0
1971.1     182.1
1971.2     190.8
1971.3     193.3
1971.4     192.6
1972.1     190.8
1972.2     195.2
1972.3     201.3
1972.4     219.4
1973.1     223.4
1973.2     235.0
1973.3     242.9
1973.4     263.8
1974.1     255.6
1974.2     244.4
1974.3     243.9
1974.4     263.0
1975.1     266.5
1975.2     318.6
1975.3     304.0
1975.4     315.9
1976.1     317.8
1976.2     316.1
1976.3     317.8
1976.4     314.3
1977.1     312.6
1977.2     342.5
1977.3     368.0
1977.4     371.4
1978.1     383.4
1978.2     395.1
1978.3     409.2
1978.4     430.3
1979.1     436.2
1979.2     446.0
1979.3     452.1
1979.4     460.7
1980.1     470.1
1980.2     474.7
1980.3     488.5
1980.4     523.7
1981.1     547.7
1981.2     548.0
1981.3     607.3
1981.4     623.6
1982.1     588.3
1982.2     628.6
1982.3     619.1
1982.4     602.5
1983.1     604.4
1983.2     602.3
1983.3     615.5
1983.4     651.6
1984.1     690.9
1984.2     726.2
1984.3     768.9
1984.4     760.8
1985.1     722.6
1985.2     758.8
1985.3     718.1
1985.4     722.5
1986.1     752.7
1986.2     729.4
1986.3     685.8
1986.4     667.9
1987.1     724.6
1987.2     681.1
1987.3     719.4
1987.4     778.9
1988.1     799.3
1988.2     797.8
1988.3     814.9
1988.4     816.7
1989.1     818.5
1989.2     805.4
1989.3     821.3
1989.4     811.8
1990.1     849.0
1990.2     884.7
1990.3     837.4
1990.4     870.1
1991.1     926.7
1991.2     926.7
1991.3     916.9
1991.4     952.3
1992.1     976.6
1992.2     979.3
1992.3     986.7
1992.4     940.3
1993.1    1001.1
1993.2     977.3
1993.3     973.3
1993.4     965.6
1994.1    1048.6
1994.2     995.7
1994.3    1021.2
1994.4    1055.3
1995.1    1078.7
1995.2    1064.0
1995.3    1098.8
1995.4    1130.7
1996.1    1119.3
1996.2    1106.3
1996.3    1145.1
1996.4    1131.4
1997.1    1134.0
1997.2    1178.1
