grecpt -- Government Receipts (SAAR, Bil.$)                                          

  DATE    GRECPT

1959.1     125.4
1959.2     129.7
1959.3     129.3
1959.4     130.7
1960.1     139.0
1960.2     138.7
1960.3     138.9
1960.4     138.6
1961.1     139.4
1961.2     142.2
1961.3     145.3
1961.4     149.5
1962.1     151.9
1962.2     154.3
1962.3     157.4
1962.4     159.6
1963.1     163.1
1963.2     166.5
1963.3     169.0
1963.4     171.4
1964.1     171.6
1964.2     169.5
1964.3     174.0
1964.4     176.5
1965.1     183.5
1965.2     186.3
1965.3     186.4
1965.4     192.0
1966.1     202.7
1966.2     209.1
1966.3     213.4
1966.4     217.4
1967.1     220.0
1967.2     222.0
1967.3     228.5
1967.4     235.3
1968.1     246.6
1968.2     254.0
1968.3     267.7
1968.4     275.3
1969.1     288.2
1969.2     294.1
1969.3     294.8
1969.4     298.6
1970.1     296.7
1970.2     300.9
1970.3     299.7
1970.4     301.1
1971.1     310.2
1971.2     316.3
1971.3     321.5
1971.4     330.4
1972.1     354.7
1972.2     360.2
1972.3     366.2
1972.4     377.9
1973.1     397.8
1973.2     403.2
1973.3     410.7
1973.4     423.4
1974.1     432.8
1974.2     447.3
1974.3     464.6
1974.4     462.5
1975.1     459.7
1975.2     432.5
1975.3     484.0
1975.4     497.4
1976.1     517.0
1976.2     529.5
1976.3     542.0
1976.4     555.0
1977.1     583.0
1977.2     597.0
1977.3     609.7
1977.4     626.0
1978.1     637.1
1978.2     673.8
1978.3     688.9
1978.4     714.2
1979.1     735.4
1979.2     750.8
1979.3     770.7
1979.4     787.6
1980.1     811.8
1980.2     808.4
1980.3     838.1
1980.4     878.5
1981.1     934.8
1981.2     944.7
1981.3     970.5
1981.4     959.0
1982.1     961.2
1982.2     975.2
1982.3     972.0
1982.4     977.6
1983.1     987.5
1983.2    1032.6
1983.3    1039.3
1983.4    1055.0
1984.1    1119.8
1984.2    1139.9
1984.3    1150.3
1984.4    1168.2
1985.1    1236.9
1985.2    1205.4
1985.3    1251.4
1985.4    1265.3
1986.1    1290.5
1986.2    1291.8
1986.3    1314.5
1986.4    1355.7
1987.1    1357.3
1987.2    1446.6
1987.3    1443.1
1987.4    1470.7
1988.1    1471.7
1988.2    1511.9
1988.3    1525.9
1988.4    1559.9
1989.1    1620.2
1989.2    1644.7
1989.3    1641.8
1989.4    1661.7
1990.1    1689.2
1990.2    1721.8
1990.3    1748.5
1990.4    1746.1
1991.1    1753.9
1991.2    1766.6
1991.3    1789.4
1991.4    1809.3
1992.1    1841.4
1992.2    1858.9
1992.3    1860.1
1992.4    1921.8
1993.1    1917.5
1993.2    1970.8
1993.3    1989.8
1993.4    2056.7
1994.1    2051.9
1994.2    2125.9
1994.3    2141.1
1994.4    2179.8
1995.1    2205.2
1995.2    2240.3
1995.3    2264.2
1995.4    2291.3
1996.1    2337.5
1996.2    2407.6
1996.3    2426.7
1996.4    2479.0
1997.1    2526.6
1997.2    2566.8
