gsave -- Gross Saving (SAAR, Bil.$)                                                 

  DATE     GSAVE

1959.1     107.9
1959.2     113.5
1959.3     104.9
1959.4     107.7
1960.1     120.1
1960.2     112.7
1960.3     113.1
1960.4     107.6
1961.1     110.0
1961.2     112.0
1961.3     119.1
1961.4     124.0
1962.1     126.3
1962.2     125.7
1962.3     127.7
1962.4     127.6
1963.1     130.2
1963.2     134.7
1963.3     135.1
1963.4     139.5
1964.1     141.6
1964.2     141.8
1964.3     145.6
1964.4     152.1
1965.1     158.9
1965.2     160.7
1965.3     160.6
1965.4     161.5
1966.1     169.1
1966.2     169.9
1966.3     169.3
1966.4     176.2
1967.1     171.3
1967.2     167.6
1967.3     175.1
1967.4     181.2
1968.1     179.0
1968.2     184.7
1968.3     185.3
1968.4     191.3
1969.1     198.8
1969.2     200.3
1969.3     207.0
1969.4     202.4
1970.1     196.5
1970.2     199.7
1970.3     199.2
1970.4     193.7
1971.1     208.2
1971.2     212.5
1971.3     216.4
1971.4     220.3
1972.1     229.7
1972.2     235.7
1972.3     246.1
1972.4     264.0
1973.1     278.2
1973.2     286.9
1973.3     298.4
1973.4     322.3
1974.1     303.5
1974.2     300.9
1974.3     300.2
1974.4     300.4
1975.1     280.0
1975.2     280.8
1975.3     308.2
1975.4     320.2
1976.1     336.2
1976.2     341.3
1976.3     341.0
1976.4     341.5
1977.1     356.9
1977.2     389.9
1977.3     414.9
1977.4     417.3
1978.1     431.0
1978.2     471.5
1978.3     487.3
1978.4     517.7
1979.1     530.8
1979.2     539.4
1979.3     545.7
1979.4     546.3
1980.1     549.1
1980.2     526.4
1980.3     531.7
1980.4     581.5
1981.1     632.3
1981.2     625.2
1981.3     680.9
1981.4     665.0
1982.1     612.0
1982.2     648.0
1982.3     602.9
1982.4     554.3
1983.1     558.0
1983.2     576.8
1983.3     583.9
1983.4     637.3
1984.1     712.0
1984.2     746.7
1984.3     778.1
1984.4     766.0
1985.1     765.4
1985.2     750.4
1985.3     734.7
1985.4     732.1
1986.1     773.4
1986.2     725.8
1986.3     684.0
1986.4     695.9
1987.1     735.8
1987.2     761.0
1987.3     784.5
1987.4     837.2
1988.1     838.1
1988.2     873.7
1988.3     892.4
1988.4     899.8
1989.1     930.0
1989.2     912.8
1989.3     903.4
1989.4     878.9
1990.1     894.9
1990.2     939.2
1990.3     893.5
1990.4     884.6
1991.1     982.0
1991.2     926.9
1991.3     904.3
1991.4     922.6
1992.1     920.3
1992.2     914.0
1992.3     899.9
1992.4     883.0
1993.1     932.0
1993.2     942.1
1993.3     943.8
1993.4     980.1
1994.1    1062.4
1994.2    1065.5
1994.3    1071.0
1994.4    1118.0
1995.1    1136.8
1995.2    1133.4
1995.3    1167.7
1995.4    1224.0
1996.1    1215.9
1996.2    1256.3
1996.3    1295.9
1996.4    1303.0
1997.1    1332.9
1997.2    1396.9
