ibt -- Indirect Business Tax and Nontax Liability (SAAR, Bil.$)                   

  DATE     IBT

1959.1     40.6
1959.2     41.1
1959.3     42.5
1959.4     43.3
1960.1     44.5
1960.2     45.3
1960.3     45.8
1960.4     46.3
1961.1     46.8
1961.2     47.6
1961.3     48.5
1961.4     49.6
1962.1     50.7
1962.2     51.2
1962.3     52.2
1962.4     52.6
1963.1     53.3
1963.2     54.3
1963.3     55.3
1963.4     56.1
1964.1     57.0
1964.2     58.1
1964.3     59.6
1964.4     60.6
1965.1     62.1
1965.2     62.3
1965.3     62.5
1965.4     63.8
1966.1     63.5
1966.2     65.0
1966.3     66.0
1966.4     67.2
1967.1     67.9
1967.2     69.2
1967.3     71.3
1967.4     73.2
1968.1     75.9
1968.2     78.0
1968.3     80.3
1968.4     81.8
1969.1     83.3
1969.2     85.6
1969.3     88.0
1969.4     89.5
1970.1     91.3
1970.2     93.4
1970.3     95.3
1970.4     97.0
1971.1    100.6
1971.2    102.0
1971.3    104.8
1971.4    107.0
1972.1    107.8
1972.2    110.2
1972.3    112.3
1972.4    115.1
1973.1    118.3
1973.2    120.2
1973.3    122.1
1973.4    123.6
1974.1    124.9
1974.2    128.4
1974.3    131.5
1974.4    132.2
1975.1    133.4
1975.2    137.7
1975.3    143.0
1975.4    146.0
1976.1    146.7
1976.2    150.0
1976.3    152.9
1976.4    156.7
1977.1    160.2
1977.2    163.6
1977.3    167.6
1977.4    170.5
1978.1    173.3
1978.2    179.8
1978.3    176.8
1978.4    181.4
1979.1    184.2
1979.2    186.8
1979.3    189.8
1979.4    194.2
1980.1    199.8
1980.2    208.0
1980.3    215.9
1980.4    224.2
1981.1    244.1
1981.2    248.7
1981.3    251.2
1981.4    253.1
1982.1    252.3
1982.2    253.6
1982.3    257.5
1982.4    262.3
1983.1    266.7
1983.2    277.8
1983.3    284.5
1983.4    291.6
1984.1    300.7
1984.2    307.3
1984.3    312.2
1984.4    317.7
1985.1    321.4
1985.2    331.6
1985.3    331.9
1985.4    333.6
1986.1    345.4
1986.2    339.2
1986.3    344.6
1986.4    349.6
1987.1    355.1
1987.2    362.3
1987.3    369.1
1987.4    372.9
1988.1    377.0
1988.2    381.7
1988.3    388.1
1988.4    395.2
1989.1    403.8
1989.2    411.3
1989.3    420.6
1989.4    423.2
1990.1    432.1
1990.2    436.1
1990.3    447.3
1990.4    455.0
1991.1    464.7
1991.2    472.9
1991.3    483.7
1991.4    491.2
1992.1    495.7
1992.2    497.9
1992.3    507.1
1992.4    521.7
1993.1    520.6
1993.2    525.9
1993.3    534.4
1993.4    549.4
1994.1    556.9
1994.2    564.4
1994.3    573.2
1994.4    579.4
1995.1    578.9
1995.2    580.9
1995.3    584.0
1995.4    587.3
1996.1    594.0
1996.2    599.0
1996.3    600.9
1996.4    625.3
1997.1    610.2
1997.2    616.2
