impgs -- Imports of Goods and Services (SAAR, Bil.$)                                

  DATE     IMPGS

1959.1      21.4
1959.2      22.5
1959.3      22.9
1959.4      22.5
1960.1      23.3
1960.2      23.5
1960.3      22.9
1960.4      21.7
1961.1      21.7
1961.2      21.9
1961.3      23.3
1961.4      23.9
1962.1      24.3
1962.2      24.9
1962.3      25.1
1962.4      25.6
1963.1      25.2
1963.2      25.9
1963.3      26.7
1963.4      26.8
1964.1      27.0
1964.2      27.7
1964.3      28.4
1964.4      29.3
1965.1      28.5
1965.2      31.7
1965.3      32.0
1965.4      33.9
1966.1      35.0
1966.2      36.2
1966.3      38.2
1966.4      38.8
1967.1      39.4
1967.2      39.0
1967.3      39.5
1967.4      41.7
1968.1      44.4
1968.2      45.4
1968.3      48.2
1968.4      48.2
1969.1      43.8
1969.2      52.7
1969.3      52.4
1969.4      53.1
1970.1      53.5
1970.2      55.2
1970.3      56.4
1970.4      57.9
1971.1      58.7
1971.2      63.3
1971.3      65.5
1971.4      61.9
1972.1      72.2
1972.2      71.4
1972.3      74.1
1972.4      79.2
1973.1      85.4
1973.2      89.5
1973.3      91.1
1973.4      98.7
1974.1     110.3
1974.2     129.4
1974.3     133.6
1974.4     136.6
1975.1     124.9
1975.2     115.2
1975.3     122.1
1975.4     128.7
1976.1     138.9
1976.2     147.1
1976.3     155.8
1976.4     162.7
1977.1     176.4
1977.2     183.0
1977.3     182.9
1977.4     187.4
1978.1     203.3
1978.2     208.8
1978.3     215.1
1978.4     221.8
1979.1     229.8
1979.2     243.1
1979.3     257.3
1979.4     280.5
1980.1     304.3
1980.2     292.6
1980.3     279.2
1980.4     299.2
1981.1     319.7
1981.2     322.0
1981.3     309.9
1981.4     319.4
1982.1     309.5
1982.2     299.1
1982.3     309.3
1982.4     294.9
1983.1     295.3
1983.2     318.0
1983.3     343.4
1983.4     358.0
1984.1     388.0
1984.2     406.5
1984.3     409.6
1984.4     416.4
1985.1     397.3
1985.2     418.6
1985.3     414.2
1985.4     438.9
1986.1     439.1
1986.2     443.4
1986.3     458.5
1986.4     467.7
1987.1     476.9
1987.2     501.6
1987.3     516.4
1987.4     536.7
1988.1     542.0
1988.2     545.4
1988.3     552.0
1988.4     573.5
1989.1     576.3
1989.2     594.0
1989.3     589.0
1989.4     599.7
1990.1     615.9
1990.2     615.1
1990.3     634.1
1990.4     649.2
1991.1     610.3
1991.2     615.0
1991.3     624.5
1991.4     639.3
1992.1     641.3
1992.2     664.9
1992.3     677.8
1992.4     691.8
1993.1     693.7
1993.2     718.7
1993.3     718.9
1993.4     746.0
1994.1     755.1
1994.2     797.9
1994.3     836.0
1994.4     859.2
1995.1     882.8
1995.2     913.1
1995.3     912.0
1995.4     909.9
1996.1     933.2
1996.2     958.7
1996.3     977.6
1996.4     993.2
1997.1    1021.0
1997.2    1049.0
