impgsc92 -- Real Imports of Goods and Services (SAAR, Bil.Chn.1992$)                   

  DATE    IMPGSC92

1959.3      109.41
1959.4      106.71
1960.1      110.52
1960.2      111.18
1960.3      107.82
1960.4      102.72
1961.1      102.26
1961.2      103.60
1961.3      110.43
1961.4      113.06
1962.1      116.53
1962.2      118.99
1962.3      120.53
1962.4      122.02
1963.1      119.15
1963.2      121.98
1963.3      125.00
1963.4      124.69
1964.1      124.55
1964.2      127.38
1964.3      130.78
1964.4      134.19
1965.1      129.43
1965.2      144.73
1965.3      145.31
1965.4      152.46
1966.1      156.32
1966.2      160.22
1966.3      169.29
1966.4      171.09
1967.1      173.62
1967.2      172.40
1967.3      174.79
1967.4      183.97
1968.1      194.71
1968.2      197.66
1968.3      209.61
1968.4      207.82
1969.1      188.25
1969.2      225.31
1969.3      222.44
1969.4      219.95
1970.1      219.40
1970.2      223.61
1970.3      222.98
1970.4      226.48
1971.1      223.87
1971.2      240.89
1971.3      246.14
1971.4      229.20
1972.1      262.96
1972.2      253.13
1972.3      258.17
1972.4      269.61
1973.1      281.51
1973.2      273.75
1973.3      266.20
1973.4      269.11
1974.1      260.56
1974.2      271.15
1974.3      266.13
1974.4      263.41
1975.1      237.30
1975.2      218.42
1975.3      236.62
1975.4      249.34
1976.1      265.16
1976.2      276.48
1976.3      287.53
1976.4      296.84
1977.1      310.75
1977.2      313.33
1977.3      309.06
1977.4      313.45
1978.1      334.38
1978.2      335.14
1978.3      340.29
1978.4      344.72
1979.1      344.57
1979.2      345.74
1979.3      339.97
1979.4      346.87
1980.1      347.75
1980.2      322.65
1980.3      299.40
1980.4      315.43
1981.1      328.49
1981.2      329.39
1981.3      325.85
1981.4      334.95
1982.1      325.68
1982.2      320.18
1982.3      334.67
1982.4      321.66
1983.1      328.77
1983.2      354.49
1983.3      382.23
1983.4      401.00
1984.1      432.96
1984.2      451.23
1984.3      462.47
1984.4      476.09
1985.1      465.98
1985.2      488.96
1985.3      484.65
1985.4      501.32
1986.1      501.00
1986.2      523.01
1986.3      538.08
1986.4      542.33
1987.1      538.83
1987.2      553.68
1987.3      563.23
1987.4      577.02
1988.1      574.76
1988.2      568.30
1988.3      580.01
1988.4      597.79
1989.1      590.68
1989.2      601.88
1989.3      605.80
1989.4      613.46
1990.1      622.27
1990.2      633.48
1990.3      633.00
1990.4      616.41
1991.1      596.59
1991.2      617.38
1991.3      633.42
1991.4      641.38
1992.1      647.83
1992.2      668.34
1992.3      670.52
1992.4      689.14
1993.1      701.91
1993.2      722.68
1993.3      729.40
1993.4      759.66
1994.1      773.64
1994.2      808.02
1994.3      833.23
1994.4      853.20
1995.1      873.86
1995.2      890.28
1995.3      895.37
1995.4      900.72
1996.1      928.96
1996.2      960.04
1996.3      990.24
1996.4     1006.62
1997.1     1048.94
1997.2     1099.11
