ndgi -- Federal Nondefense: Gross Investment (SAAR, Bil.$)                         

  DATE    NDGI

1959.1     1.7
1959.2     1.7
1959.3     1.6
1959.4     1.6
1960.1     1.7
1960.2     2.0
1960.3     2.0
1960.4     2.2
1961.1     2.4
1961.2     2.3
1961.3     2.4
1961.4     2.6
1962.1     2.6
1962.2     2.8
1962.3     2.9
1962.4     3.2
1963.1     3.1
1963.2     3.3
1963.3     3.5
1963.4     3.7
1964.1     3.9
1964.2     4.0
1964.3     4.2
1964.4     4.4
1965.1     4.4
1965.2     4.6
1965.3     4.6
1965.4     4.8
1966.1     5.0
1966.2     4.9
1966.3     4.8
1966.4     4.6
1967.1     4.2
1967.2     3.9
1967.3     4.0
1967.4     4.0
1968.1     3.8
1968.2     3.7
1968.3     3.5
1968.4     3.5
1969.1     3.5
1969.2     3.4
1969.3     3.3
1969.4     3.2
1970.1     3.2
1970.2     3.4
1970.3     3.4
1970.4     3.5
1971.1     3.6
1971.2     3.7
1971.3     4.0
1971.4     3.8
1972.1     4.0
1972.2     4.1
1972.3     4.0
1972.4     4.0
1973.1     4.4
1973.2     4.2
1973.3     4.2
1973.4     4.3
1974.1     4.1
1974.2     5.1
1974.3     4.6
1974.4     5.3
1975.1     5.6
1975.2     5.3
1975.3     5.4
1975.4     5.8
1976.1     5.9
1976.2     6.3
1976.3     6.3
1976.4     6.3
1977.1     6.3
1977.2     6.7
1977.3     7.3
1977.4     7.1
1978.1     7.6
1978.2     8.3
1978.3     9.2
1978.4     8.8
1979.1     8.4
1979.2     8.5
1979.3     9.2
1979.4     8.3
1980.1     9.6
1980.2     9.9
1980.3    10.3
1980.4    10.0
1981.1    10.5
1981.2    10.4
1981.3    10.5
1981.4    10.5
1982.1    10.0
1982.2    10.2
1982.3     9.8
1982.4     9.8
1983.1    11.3
1983.2    11.0
1983.3    11.6
1983.4    11.1
1984.1    11.8
1984.2    12.2
1984.3    11.9
1984.4    12.2
1985.1    12.8
1985.2    12.1
1985.3    13.2
1985.4    13.0
1986.1    13.3
1986.2    12.8
1986.3    12.8
1986.4    13.8
1987.1    13.9
1987.2    15.0
1987.3    14.7
1987.4    14.9
1988.1    13.0
1988.2    13.1
1988.3    13.8
1988.4    13.8
1989.1    14.2
1989.2    14.2
1989.3    14.6
1989.4    16.1
1990.1    16.7
1990.2    16.5
1990.3    16.4
1990.4    16.6
1991.1    16.7
1991.2    18.4
1991.3    18.2
1991.4    20.6
1992.1    20.4
1992.2    20.0
1992.3    20.2
1992.4    22.6
1993.1    23.0
1993.2    21.7
1993.3    21.4
1993.4    19.7
1994.1    19.4
1994.2    18.3
1994.3    18.9
1994.4    21.2
1995.1    22.4
1995.2    18.8
1995.3    19.8
1995.4    19.3
1996.1    21.5
1996.2    21.4
1996.3    22.1
1996.4    21.0
1997.1    21.1
1997.2    22.6
