ndgic92 -- Federal Nondefense: Gross Investment (SAAR, Bil.Ch.92$)                    

  DATE    NDGIC92

1959.1       5.9 
1959.2       6.1 
1959.3       5.8 
1959.4       5.8 
1960.1       6.1 
1960.2       6.9 
1960.3       7.1 
1960.4       7.8 
1961.1       8.4 
1961.2       7.9 
1961.3       8.3 
1961.4       8.9 
1962.1       9.0 
1962.2       9.6 
1962.3      10.0 
1962.4      10.8 
1963.1      10.6 
1963.2      11.2 
1963.3      11.9 
1963.4      12.4 
1964.1      12.9 
1964.2      12.7 
1964.3      13.3 
1964.4      14.1 
1965.1      14.3 
1965.2      15.0 
1965.3      15.2 
1965.4      15.7 
1966.1      16.1 
1966.2      15.6 
1966.3      15.3 
1966.4      14.5 
1967.1      13.2 
1967.2      12.1 
1967.3      12.1 
1967.4      12.1 
1968.1      11.4 
1968.2      10.9 
1968.3      10.3 
1968.4      10.2 
1969.1       9.9 
1969.2       9.7 
1969.3       9.2 
1969.4       8.8 
1970.1       8.5 
1970.2       8.8 
1970.3       8.7 
1970.4       8.9 
1971.1       8.8 
1971.2       9.1 
1971.3       9.5 
1971.4       9.1 
1972.1       9.4 
1972.2       9.6 
1972.3       9.4 
1972.4       9.1 
1973.1       9.8 
1973.2       9.5 
1973.3       9.3 
1973.4       9.4 
1974.1       8.7 
1974.2      10.4 
1974.3       9.2 
1974.4      10.0 
1975.1      10.1 
1975.2       9.4 
1975.3       9.5 
1975.4      10.1 
1976.1      10.2 
1976.2      10.8 
1976.3      10.7 
1976.4      10.6 
1977.1      10.4 
1977.2      10.9 
1977.3      11.8 
1977.4      11.4 
1978.1      12.2 
1978.2      13.1 
1978.3      14.3 
1978.4      13.5 
1979.1      12.7 
1979.2      12.5 
1979.3      13.2 
1979.4      11.5 
1980.1      13.3 
1980.2      13.3 
1980.3      13.5 
1980.4      12.9 
1981.1      13.2 
1981.2      12.8 
1981.3      12.8 
1981.4      12.5 
1982.1      11.7 
1982.2      11.7 
1982.3      11.3 
1982.4      11.2 
1983.1      12.9 
1983.2      12.7 
1983.3      13.3 
1983.4      12.8 
1984.1      13.6 
1984.2      14.0 
1984.3      13.6 
1984.4      13.9 
1985.1      14.6 
1985.2      13.7 
1985.3      15.0 
1985.4      14.6 
1986.1      15.0 
1986.2      14.4 
1986.3      14.2 
1986.4      15.3 
1987.1      15.3 
1987.2      16.5 
1987.3      16.2 
1987.4      16.3 
1988.1      14.1 
1988.2      14.1 
1988.3      14.7 
1988.4      14.6 
1989.1      14.9 
1989.2      14.8 
1989.3      15.1 
1989.4      16.5 
1990.1      17.0 
1990.2      16.8 
1990.3      16.5 
1990.4      16.7 
1991.1      16.7 
1991.2      18.4 
1991.3      18.2 
1991.4      20.6 
1992.1      20.5 
1992.2      20.1 
1992.3      20.1 
1992.4      22.6 
1993.1      23.0 
1993.2      21.6 
1993.3      21.2 
1993.4      19.5 
1994.1      19.1 
1994.2      18.0 
1994.3      18.4 
1994.4      20.7 
1995.1      21.7 
1995.2      18.2 
1995.3      19.0 
1995.4      18.6 
1996.1      20.8 
1996.2      20.8 
1996.3      21.6 
1996.4      20.6 
1997.1      20.8 
1997.2      22.2 
