netexp -- Net Exports of Goods and Services (SAAR, Bil.$)                            

  DATE    NETEXP

1959.1      -1.7
1959.2      -2.5
1959.3      -1.1
1959.4      -1.4
1960.1       0.9
1960.2       1.7
1960.3       3.0
1960.4       4.0
1961.1       4.4
1961.2       3.3
1961.3       2.8
1961.4       2.9
1962.1       2.3
1962.2       3.2
1962.3       2.9
1962.4       1.5
1963.1       2.0
1963.2       3.7
1963.3       3.1
1963.4       4.4
1964.1       5.9
1964.2       4.9
1964.3       5.4
1964.4       5.7
1965.1       3.0
1965.2       4.7
1965.3       3.7
1965.4       4.1
1966.1       3.2
1966.2       2.0
1966.3       0.8
1966.4       1.5
1967.1       2.3
1967.2       2.1
1967.3       1.1
1967.4       0.2
1968.1      -1.2
1968.2      -0.6
1968.3      -1.3
1968.4      -1.9
1969.1      -1.9
1969.2      -1.8
1969.3      -1.3
1969.4       0.1
1970.1       1.1
1970.2       2.4
1970.3       0.9
1970.4       0.4
1971.1       0.8
1971.2      -3.8
1971.3      -3.1
1971.4      -6.0
1972.1      -8.6
1972.2      -8.3
1972.3      -7.9
1972.4      -7.1
1973.1      -4.4
1973.2      -1.1
1973.3       3.2
1973.4       4.7
1974.1       4.3
1974.2      -5.6
1974.3      -9.1
1974.4      -2.2
1975.1      13.1
1975.2      16.6
1975.3      11.6
1975.4      12.9
1976.1       4.2
1976.2      -1.1
1976.3      -5.0
1976.4      -7.2
1977.1     -21.6
1977.2     -21.7
1977.3     -21.1
1977.4     -30.3
1978.1     -39.3
1978.2     -23.3
1978.3     -24.6
1978.4     -17.3
1979.1     -19.2
1979.2     -23.4
1979.3     -24.4
1979.4     -29.0
1980.1     -37.2
1980.2     -16.7
1980.3       3.3
1980.4      -8.9
1981.1     -17.0
1981.2     -16.4
1981.3     -10.2
1981.4     -16.3
1982.1     -17.2
1982.2      -5.0
1982.3     -30.3
1982.4     -29.7
1983.1     -24.6
1983.2     -45.5
1983.3     -65.2
1983.4     -71.3
1984.1     -94.3
1984.2    -103.5
1984.3    -103.1
1984.4    -107.1
1985.1     -91.4
1985.2    -114.7
1985.3    -117.2
1985.4    -133.6
1986.1    -126.9
1986.2    -128.8
1986.3    -138.0
1986.4    -132.3
1987.1    -139.4
1987.2    -144.7
1987.3    -142.4
1987.4    -142.0
1988.1    -120.9
1988.2    -103.3
1988.3     -95.8
1988.4    -104.2
1989.1     -83.7
1989.2     -81.2
1989.3     -79.3
1989.4     -77.5
1990.1     -74.3
1990.2     -60.3
1990.3     -78.5
1990.4     -72.0
1991.1     -32.9
1991.2     -12.3
1991.3     -22.0
1991.4     -14.8
1992.1      -8.9
1992.2     -29.0
1992.3     -37.6
1992.4     -42.7
1993.1     -46.6
1993.2     -57.5
1993.3     -72.1
1993.4     -66.6
1994.1     -76.6
1994.2     -87.9
1994.3    -103.4
1994.4     -95.6
1995.1     -98.3
1995.2    -105.4
1995.3     -80.4
1995.4     -60.1
1996.1     -83.0
1996.2     -93.8
1996.3    -114.0
1996.4     -88.6
1997.1     -98.8
1997.2     -88.7
