netexc92 -- Real Net Exports of Goods and Services (SAAR, Bil.Chn.1992$)               

  DATE    NETEXC92

1959.3     -33.612
1959.4     -33.813
1960.1     -27.305
1960.2     -24.502
1960.3     -19.148
1960.4     -14.051
1961.1     -12.995
1961.2     -18.553
1961.3     -21.828
1961.4     -22.954
1962.1     -27.033
1962.2     -23.555
1962.3     -25.375
1962.4     -30.166
1963.1     -27.015
1963.2     -21.417
1963.3     -23.680
1963.4     -18.736
1964.1     -12.809
1964.2     -16.547
1964.3     -16.601
1964.4     -17.602
1965.1     -26.900
1965.2     -25.990
1965.3     -28.746
1965.4     -27.750
1966.1     -33.248
1966.2     -37.972
1966.3     -46.250
1966.4     -45.946
1967.1     -46.640
1967.2     -46.784
1967.3     -50.387
1967.4     -56.624
1968.1     -64.446
1968.2     -65.158
1968.3     -68.876
1968.4     -70.185
1969.1     -65.081
1969.2     -75.849
1969.3     -74.769
1969.4     -69.582
1970.1     -65.619
1970.2     -64.564
1970.3     -64.275
1970.4     -65.593
1971.1     -64.276
1971.2     -81.479
1971.3     -78.053
1971.4     -79.518
1972.1     -95.607
1972.2     -88.318
1972.3     -85.721
1972.4     -86.137
1973.1     -81.195
1973.2     -64.700
1973.3     -55.921
1973.4     -50.307
1974.1     -34.117
1974.2     -34.719
1974.3     -41.096
1974.4     -32.286
1975.1      -6.778
1975.2       2.522
1975.3     -11.895
1975.4     -12.661
1976.1     -29.217
1976.2     -38.349
1976.3     -42.834
1976.4     -49.192
1977.1     -66.968
1977.2     -63.201
1977.3     -56.886
1977.4     -69.875
1978.1     -84.911
1978.2     -59.649
1978.3     -62.013
1978.4     -55.647
1979.1     -55.686
1979.2     -56.070
1979.3     -40.226
1979.4     -29.053
1980.1     -20.025
1980.2      11.289
1980.3      33.385
1980.4      15.655
1981.1       8.256
1981.2       9.540
1981.3       5.502
1981.4      -0.898
1982.1      -5.309
1982.2       2.638
1982.3     -26.462
1982.4     -27.307
1983.1     -29.840
1983.2     -54.647
1983.3     -77.976
1983.4     -90.763
1984.1    -115.481
1984.2    -125.527
1984.3    -130.499
1984.4    -137.738
1985.1    -127.297
1985.2    -151.606
1985.3    -152.631
1985.4    -159.959
1986.1    -149.657
1986.2    -167.113
1986.3    -173.943
1986.4    -164.871
1987.1    -161.162
1987.2    -160.200
1987.3    -152.175
1987.4    -151.326
1988.1    -125.925
1988.2    -106.879
1988.3    -110.645
1988.4    -114.256
1989.1     -88.704
1989.2     -79.844
1989.3     -84.493
1989.4     -77.926
1990.1     -67.061
1990.2     -66.655
1990.3     -71.218
1990.4     -42.498
1991.1     -24.250
1991.2     -17.098
1991.3     -29.783
1991.4     -17.928
1992.1     -14.818
1992.2     -32.528
1992.3     -30.814
1992.4     -40.012
1993.1     -54.676
1993.2     -62.569
1993.3     -83.123
1993.4     -80.546
1994.1     -97.609
1994.2    -103.891
1994.3    -111.123
1994.4    -105.867
1995.1    -113.493
1995.2    -112.837
1995.3     -92.933
1995.4     -76.116
1996.1    -100.785
1996.2    -112.600
1996.3    -138.858
1996.4    -105.551
1997.1    -126.289
1997.2    -136.606
