netfi -- Net Foreign Investment (SAAR, Bil.$)                                       

  DATE     NETFI

1959.1      -1.4
1959.2      -2.0
1959.3      -0.5
1959.4      -0.8
1960.1       1.8
1960.2       2.5
1960.3       3.7
1960.4       4.8
1961.1       5.4
1961.2       4.1
1961.3       3.8
1961.4       3.8
1962.1       3.1
1962.2       4.7
1962.3       4.3
1962.4       3.5
1963.1       4.0
1963.2       5.4
1963.3       4.7
1963.4       6.0
1964.1       8.3
1964.2       6.8
1964.3       7.6
1964.4       7.4
1965.1       5.8
1965.2       7.1
1965.3       6.0
1965.4       6.0
1966.1       4.8
1966.2       4.0
1966.3       2.8
1966.4       4.0
1967.1       4.4
1967.2       3.6
1967.3       3.2
1967.4       2.9
1968.1       1.8
1968.2       2.4
1968.3       1.7
1968.4       1.0
1969.1       1.8
1969.2       0.8
1969.3       1.6
1969.4       2.9
1970.1       4.9
1970.2       6.4
1970.3       4.7
1970.4       3.6
1971.1       5.3
1971.2       1.0
1971.3       0.7
1971.4      -1.8
1972.1      -4.0
1972.2      -3.6
1972.3      -2.4
1972.4      -1.5
1973.1       2.6
1973.2       5.9
1973.3      13.0
1973.4      13.5
1974.1       8.6
1974.2       5.2
1974.3       1.4
1974.4       5.3
1975.1      19.2
1975.2      23.0
1975.3      20.0
1975.4      23.3
1976.1      14.9
1976.2      10.8
1976.3       4.2
1976.4       5.6
1977.1      -6.3
1977.2      -7.0
1977.3      -5.9
1977.4     -16.9
1978.1     -22.9
1978.2     -10.7
1978.3      -9.2
1978.4       1.1
1979.1       1.8
1979.2       1.0
1979.3       6.2
1979.4       1.3
1980.1      -6.7
1980.2      13.8
1980.3      32.2
1980.4      10.8
1981.1       5.6
1981.2       4.2
1981.3      11.1
1981.4       8.7
1982.1      -2.0
1982.2      14.6
1982.3     -16.9
1982.4     -20.0
1983.1     -10.7
1983.2     -30.2
1983.3     -50.0
1983.4     -58.5
1984.1     -80.6
1984.2     -89.5
1984.3     -91.7
1984.4    -104.4
1985.1     -92.2
1985.2    -113.5
1985.3    -124.5
1985.4    -137.6
1986.1    -129.2
1986.2    -141.5
1986.3    -150.6
1986.4    -150.4
1987.1    -152.7
1987.2    -156.4
1987.3    -156.3
1987.4    -160.3
1988.1    -129.0
1988.2    -112.9
1988.3    -108.5
1988.4    -122.2
1989.1     -95.8
1989.2     -93.3
1989.3     -91.0
1989.4     -89.5
1990.1     -79.4
1990.2     -73.8
1990.3     -93.3
1990.4     -68.1
1991.1      55.3
1991.2      16.0
1991.3     -22.6
1991.4     -19.4
1992.1     -19.9
1992.2     -48.7
1992.3     -56.0
1992.4     -77.2
1993.1     -54.2
1993.2     -74.9
1993.3     -84.9
1993.4    -100.4
1994.1     -91.6
1994.2    -112.5
1994.3    -134.2
1994.4    -141.8
1995.1    -125.8
1995.2    -126.7
1995.3    -116.9
1995.4     -88.0
1996.1    -116.9
1996.2    -125.6
1996.3    -156.4
1996.4    -132.9
1997.1    -148.4
1997.2    -146.0
