nfcpatax -- Nonfinancial Corporate Business: Profits After Tax (SAAR, Bil.$)           

  DATE    NFCPATAX

1959.1       23.2 
1959.2       25.6 
1959.3       21.9 
1959.4       21.0 
1960.1       23.8 
1960.2       21.4 
1960.3       20.3 
1960.4       19.0 
1961.1       18.0 
1961.2       19.8 
1961.3       21.3 
1961.4       23.6 
1962.1       24.1 
1962.2       23.7 
1962.3       24.6 
1962.4       24.9 
1963.1       24.8 
1963.2       26.9 
1963.3       27.8 
1963.4       28.6 
1964.1       31.6 
1964.2       31.7 
1964.3       32.7 
1964.4       32.2 
1965.1       37.1 
1965.2       38.4 
1965.3       39.2 
1965.4       41.4 
1966.1       42.2 
1966.2       42.5 
1966.3       41.9 
1966.4       40.9 
1967.1       38.8 
1967.2       39.0 
1967.3       39.4 
1967.4       41.6 
1968.1       39.6 
1968.2       40.3 
1968.3       40.3 
1968.4       41.6 
1969.1       40.0 
1969.2       38.4 
1969.3       36.5 
1969.4       35.1 
1970.1       32.2 
1970.2       31.6 
1970.3       31.5 
1970.4       28.6 
1971.1       34.5 
1971.2       35.6 
1971.3       38.6 
1971.4       39.8 
1972.1       42.3 
1972.2       42.5 
1972.3       44.7 
1972.4       49.8 
1973.1       57.9 
1973.2       58.2 
1973.3       57.0 
1973.4       60.4 
1974.1       63.2 
1974.2       66.6 
1974.3       73.1 
1974.4       64.9 
1975.1       55.3 
1975.2       61.8 
1975.3       76.8 
1975.4       79.5 
1976.1       84.9 
1976.2       84.4 
1976.3       84.7 
1976.4       83.5 
1977.1       91.3 
1977.2       98.6 
1977.3      102.4 
1977.4      102.6 
1978.1      101.4 
1978.2      119.2 
1978.3      119.8 
1978.4      125.1 
1979.1      125.9 
1979.2      127.4 
1979.3      126.8 
1979.4      123.7 
1980.1      124.3 
1980.2      102.4 
1980.3      111.5 
1980.4      120.0 
1981.1      124.8 
1981.2      115.4 
1981.3      120.5 
1981.4      109.3 
1982.1       93.5 
1982.2       91.6 
1982.3       87.4 
1982.4       77.3 
1983.1       78.2 
1983.2       97.9 
1983.3      110.3 
1983.4      105.4 
1984.1      124.1 
1984.2      123.5 
1984.3      113.4 
1984.4      108.2 
1985.1       97.2 
1985.2       93.4 
1985.3      100.7 
1985.4       99.3 
1986.1       70.5 
1986.2       72.4 
1986.3       76.1 
1986.4       84.7 
1987.1      107.3 
1987.2      120.9 
1987.3      128.8 
1987.4      128.6 
1988.1      150.7 
1988.2      157.5 
1988.3      159.6 
1988.4      167.4 
1989.1      152.5 
1989.2      140.7 
1989.3      130.2 
1989.4      129.8 
1990.1      137.3 
1990.2      142.7 
1990.3      148.9 
1990.4      137.7 
1991.1      130.3 
1991.2      131.0 
1991.3      133.8 
1991.4      136.2 
1992.1      153.9 
1992.2      169.0 
1992.3      164.5 
1992.4      179.5 
1993.1      183.1 
1993.2      202.2 
1993.3      200.2 
1993.4      228.9 
1994.1      239.6 
1994.2      256.1 
1994.3      270.6 
1994.4      287.8 
1995.1      296.9 
1995.2      293.0 
1995.3      303.0 
1995.4      302.9 
1996.1      314.2 
1996.2      323.3 
1996.3      326.6 
1996.4      325.5 
1997.1      335.1 
1997.2      339.8 
