nicur -- National Income (SAAR, Bil.$)                                              

  DATE     NICUR

1959.1     404.9
1959.2     418.3
1959.3     414.0
1959.4     418.6
1960.1     430.1
1960.2     429.9
1960.3     430.4
1960.4     428.6
1961.1     430.1
1961.2     439.5
1961.3     448.4
1961.4     461.2
1962.1     469.7
1962.2     476.2
1962.3     481.6
1962.4     488.4
1963.1     493.4
1963.2     502.2
1963.3     510.0
1963.4     519.6
1964.1     531.1
1964.2     539.3
1964.3     549.7
1964.4     556.4
1965.1     573.2
1965.2     584.6
1965.3     596.0
1965.4     614.1
1966.1     633.9
1966.2     642.6
1966.3     653.7
1966.4     665.6
1967.1     671.0
1967.2     676.5
1967.3     690.4
1967.4     704.1
1968.1     721.6
1968.2     740.4
1968.3     756.5
1968.4     770.9
1969.1     785.1
1969.2     798.9
1969.3     815.1
1969.4     822.3
1970.1     826.7
1970.2     837.2
1970.3     849.2
1970.4     849.5
1971.1     882.6
1971.2     901.1
1971.3     915.8
1971.4     934.7
1972.1     966.6
1972.2     984.0
1972.3    1014.7
1972.4    1055.7
1973.1    1092.3
1973.2    1114.2
1973.3    1140.2
1973.4    1182.6
1974.1    1189.8
1974.2    1202.6
1974.3    1228.3
1974.4    1238.7
1975.1    1245.0
1975.2    1274.0
1975.3    1331.5
1975.4    1373.1
1976.1    1420.2
1976.2    1442.2
1976.3    1471.5
1976.4    1503.7
1977.1    1554.5
1977.2    1614.7
1977.3    1670.0
1977.4    1713.0
1978.1    1751.1
1978.2    1844.1
1978.3    1893.2
1978.4    1960.6
1979.1    2010.1
1979.2    2049.6
1979.3    2101.4
1979.4    2153.1
1980.1    2206.6
1980.2    2184.5
1980.3    2237.0
1980.4    2350.0
1981.1    2438.7
1981.2    2458.6
1981.3    2555.3
1981.4    2552.8
1982.1    2551.8
1982.2    2609.2
1982.3    2612.9
1982.4    2629.5
1983.1    2674.5
1983.2    2763.7
1983.3    2830.7
1983.4    2904.4
1984.1    3052.8
1984.2    3146.3
1984.3    3212.3
1984.4    3246.1
1985.1    3319.0
1985.2    3350.6
1985.3    3411.8
1985.4    3452.2
1986.1    3522.0
1986.2    3523.6
1986.3    3555.0
1986.4    3600.5
1987.1    3677.2
1987.2    3770.2
1987.3    3851.5
1987.4    3952.8
1988.1    4019.7
1988.2    4101.9
1988.3    4185.5
1988.4    4274.2
1989.1    4338.0
1989.2    4387.8
1989.3    4415.2
1989.4    4448.4
1990.1    4563.7
1990.2    4664.5
1990.3    4674.8
1990.4    4705.4
1991.1    4715.8
1991.2    4744.9
1991.3    4774.1
1991.4    4811.7
1992.1    4927.9
1992.2    4981.5
1992.3    4949.5
1992.4    5102.6
1993.1    5159.8
1993.2    5236.9
1993.3    5281.7
1993.4    5388.7
1994.1    5423.2
1994.2    5556.3
1994.3    5636.1
1994.4    5747.3
1995.1    5807.9
1995.2    5862.4
1995.3    5953.4
1995.4    6025.5
1996.1    6108.8
1996.2    6229.4
1996.3    6303.3
1996.4    6376.5
1997.1    6510.0
1997.2    6599.0
