nripdc92 -- Nonresidential Invest.: Producers' Durable Equipment (SAAR,Bil.Chn.92$)    

  DATE    NRIPDC92

1959.3      72.953
1959.4      73.089
1960.1      75.557
1960.2      76.824
1960.3      73.703
1960.4      71.196
1961.1      68.728
1961.2      71.662
1961.3      72.704
1961.4      77.100
1962.1      79.012
1962.2      81.376
1962.3      81.667
1962.4      81.788
1963.1      83.206
1963.2      84.742
1963.3      88.442
1963.4      91.952
1964.1      94.377
1964.2      96.200
1964.3      99.477
1964.4     102.147
1965.1     110.356
1965.2     112.113
1965.3     118.200
1965.4     122.864
1966.1     129.685
1966.2     134.303
1966.3     134.742
1966.4     136.515
1967.1     130.941
1967.2     132.690
1967.3     131.042
1967.4     135.205
1968.1     140.118
1968.2     136.814
1968.3     140.161
1968.4     145.004
1969.1     150.216
1969.2     151.825
1969.3     153.889
1969.4     152.696
1970.1     151.351
1970.2     150.888
1970.3     151.809
1970.4     143.869
1971.1     146.317
1971.2     149.928
1971.3     150.721
1971.4     155.669
1972.1     161.748
1972.2     165.468
1972.3     169.557
1972.4     182.465
1973.1     192.703
1973.2     201.379
1973.3     203.808
1973.4     206.987
1974.1     207.396
1974.2     206.894
1974.3     207.858
1974.4     199.385
1975.1     184.953
1975.2     181.198
1975.3     183.324
1975.4     186.146
1976.1     188.579
1976.2     192.179
1976.3     197.356
1976.4     202.704
1977.1     216.293
1977.2     222.069
1977.3     226.760
1977.4     237.453
1978.1     240.967
1978.2     260.276
1978.3     265.201
1978.4     272.058
1979.1     281.596
1979.2     278.055
1979.3     284.115
1979.4     278.961
1980.1     281.452
1980.2     261.470
1980.3     262.931
1980.4     267.110
1981.1     274.868
1981.2     276.356
1981.3     282.727
1981.4     278.677
1982.1     272.334
1982.2     261.163
1982.3     256.250
1982.4     251.453
1983.1     249.459
1983.2     262.465
1983.3     276.496
1983.4     301.089
1984.1     306.177
1984.2     321.530
1984.3     330.532
1984.4     340.327
1985.1     337.256
1985.2     344.991
1985.3     340.587
1985.4     346.903
1986.1     343.040
1986.2     347.160
1986.3     344.847
1986.4     348.450
1987.1     336.661
1987.2     346.487
1987.3     354.700
1987.4     349.605
1988.1     360.262
1988.2     368.001
1988.3     371.565
1988.4     376.984
1989.1     379.728
1989.2     389.363
1989.3     395.851
1989.4     385.609
1990.1     388.788
1990.2     377.831
1990.3     382.962
1990.4     377.878
1991.1     362.936
1991.2     363.788
1991.3     369.808
1991.4     368.098
1992.1     371.651
1992.2     386.440
1992.3     393.126
1992.4     403.531
1993.1     409.797
1993.2     424.905
1993.3     430.677
1993.4     452.863
1994.1     460.637
1994.2     467.260
1994.3     480.001
1994.4     499.132
1995.1     518.100
1995.2     525.940
1995.3     528.540
1995.4     540.516
1996.1     557.408
1996.2     577.134
1996.3     602.865
1996.4     606.713
1997.1     616.590
1997.2     649.306
