pce -- Personal Consumption Expenditures (SAAR, Bil.$)                            

   DATE      PCE

1959.01     307.1
1959.02     310.5
1959.03     313.6
1959.04     313.1
1959.05     317.0
1959.06     319.2
1959.07     318.8
1959.08     321.2
1959.09     325.3
1959.10     323.8
1959.11     323.8
1959.12     323.9
1960.01     324.5
1960.02     326.3
1960.03     331.1
1960.04     337.5
1960.05     331.0
1960.06     331.1
1960.07     332.4
1960.08     332.6
1960.09     334.4
1960.10     336.4
1960.11     336.4
1960.12     332.4
1961.01     333.3
1961.02     334.9
1961.03     338.9
1961.04     338.8
1961.05     341.0
1961.06     342.0
1961.07     341.7
1961.08     343.3
1961.09     345.6
1961.10     347.7
1961.11     351.0
1961.12     353.5
1962.01     353.6
1962.02     354.4
1962.03     357.9
1962.04     359.7
1962.05     362.8
1962.06     361.3
1962.07     362.4
1962.08     363.9
1962.09     369.9
1962.10     367.6
1962.11     372.8
1962.12     374.6
1963.01     375.2
1963.02     374.2
1963.03     375.9
1963.04     377.3
1963.05     378.2
1963.06     382.7
1963.07     385.4
1963.08     387.3
1963.09     386.5
1963.10     387.1
1963.11     390.5
1963.12     395.7
1964.01     397.8
1964.02     401.1
1964.03     402.7
1964.04     403.7
1964.05     409.2
1964.06     412.1
1964.07     415.6
1964.08     418.5
1964.09     417.4
1964.10     420.3
1964.11     417.1
1964.12     421.8
1965.01     425.3
1965.02     432.3
1965.03     434.3
1965.04     438.1
1965.05     438.8
1965.06     436.5
1965.07     442.3
1965.08     445.7
1965.09     453.5
1965.10     460.1
1965.11     460.8
1965.12     463.5
1966.01     467.0
1966.02     472.0
1966.03     476.9
1966.04     478.8
1966.05     475.0
1966.06     477.5
1966.07     482.7
1966.08     485.3
1966.09     491.3
1966.10     490.3
1966.11     492.0
1966.12     493.8
1967.01     496.4
1967.02     495.4
1967.03     498.5
1967.04     504.0
1967.05     505.0
1967.06     509.6
1967.07     509.6
1967.08     512.8
1967.09     518.6
1967.10     515.2
1967.11     520.4
1967.12     528.1
1968.01     534.1
1968.02     536.8
1968.03     547.5
1968.04     547.3
1968.05     553.0
1968.06     559.4
1968.07     566.2
1968.08     570.0
1968.09     571.1
1968.10     574.4
1968.11     579.2
1968.12     578.9
1969.01     585.6
1969.02     590.5
1969.03     590.4
1969.04     595.2
1969.05     601.3
1969.06     601.8
1969.07     603.4
1969.08     610.5
1969.09     613.8
1969.10     619.0
1969.11     621.0
1969.12     623.3
1970.01     629.6
1970.02     634.6
1970.03     633.0
1970.04     636.9
1970.05     643.5
1970.06     647.6
1970.07     650.0
1970.08     654.7
1970.09     660.9
1970.10     660.2
1970.11     658.5
1970.12     667.6
1971.01     678.5
1971.02     681.8
1971.03     684.4
1971.04     691.2
1971.05     693.7
1971.06     702.4
1971.07     701.4
1971.08     707.5
1971.09     715.7
1971.10     718.6
1971.11     723.8
1971.12     731.2
1972.01     734.6
1972.02     739.0
1972.03     752.0
1972.04     755.2
1972.05     760.5
1972.06     764.0
1972.07     772.2
1972.08     778.6
1972.09     783.4
1972.10     797.3
1972.11     802.8
1972.12     808.5
1973.01     818.8
1973.02     828.0
1973.03     834.8
1973.04     837.4
1973.05     843.1
1973.06     845.8
1973.07     855.8
1973.08     855.1
1973.09     871.4
1973.10     870.3
1973.11     879.1
1973.12     879.0
1974.01     887.1
1974.02     892.2
1974.03     903.8
1974.04     913.0
1974.05     924.4
1974.06     929.8
1974.07     939.4
1974.08     955.8
1974.09     955.2
1974.10     958.5
1974.11     954.8
1974.12     960.0
1975.01     973.0
1975.02     986.8
1975.03     988.3
1975.04     993.4
1975.05    1017.7
1975.06    1025.9
1975.07    1038.9
1975.08    1046.1
1975.09    1053.9
1975.10    1059.6
1975.11    1074.6
1975.12    1091.0
1976.01    1107.0
1976.02    1108.0
1976.03    1115.6
1976.04    1126.0
1976.05    1123.4
1976.06    1141.3
1976.07    1150.3
1976.08    1158.9
1976.09    1170.1
1976.10    1179.0
1976.11    1191.6
1976.12    1214.4
1977.01    1217.6
1977.02    1233.8
1977.03    1240.8
1977.04    1250.0
1977.05    1260.3
1977.06    1266.9
1977.07    1283.6
1977.08    1289.1
1977.09    1298.2
1977.10    1314.8
1977.11    1330.3
1977.12    1339.3
1978.01    1333.3
1978.02    1359.4
1978.03    1382.3
1978.04    1401.0
1978.05    1417.9
1978.06    1433.2
1978.07    1434.7
1978.08    1455.4
1978.09    1461.6
1978.10    1474.6
1978.11    1487.3
1978.12    1504.2
1979.01    1512.9
1979.02    1531.1
1979.03    1543.9
1979.04    1547.2
1979.05    1564.3
1979.06    1580.3
1979.07    1591.4
1979.08    1620.8
1979.09    1639.9
1979.10    1648.8
1979.11    1665.7
1979.12    1676.0
1980.01    1708.6
1980.02    1712.5
1980.03    1718.3
1980.04    1707.1
1980.05    1712.4
1980.06    1731.2
1980.07    1759.1
1980.08    1775.5
1980.09    1790.0
1980.10    1823.9
1980.11    1831.6
1980.12    1854.7
1981.01    1873.5
1981.02    1888.9
1981.03    1908.5
1981.04    1909.8
1981.05    1919.5
1981.06    1941.2
1981.07    1949.8
1981.08    1975.5
1981.09    1976.9
1981.10    1974.2
1981.11    1980.0
1981.12    1997.6
1982.01    2004.7
1982.02    2028.8
1982.03    2030.6
1982.04    2033.0
1982.05    2051.0
1982.06    2054.4
1982.07    2078.4
1982.08    2085.6
1982.09    2109.3
1982.10    2130.2
1982.11    2152.5
1982.12    2163.3
1983.01    2174.6
1983.02    2176.2
1983.03    2204.3
1983.04    2232.8
1983.05    2255.3
1983.06    2283.5
1983.07    2305.3
1983.08    2316.0
1983.09    2329.0
1983.10    2355.6
1983.11    2369.0
1983.12    2399.4
1984.01    2428.8
1984.02    2406.6
1984.03    2431.9
1984.04    2456.9
1984.05    2474.2
1984.06    2495.8
1984.07    2491.4
1984.08    2508.6
1984.09    2531.6
1984.10    2531.5
1984.11    2571.7
1984.12    2578.5
1985.01    2607.0
1985.02    2628.7
1985.03    2635.8
1985.04    2649.4
1985.05    2687.9
1985.06    2682.8
1985.07    2704.9
1985.08    2737.1
1985.09    2784.9
1985.10    2752.8
1985.11    2772.8
1985.12    2813.2
1986.01    2826.8
1986.02    2819.6
1986.03    2823.6
1986.04    2837.3
1986.05    2861.8
1986.06    2867.8
1986.07    2888.9
1986.08    2907.8
1986.09    2981.8
1986.10    2944.3
1986.11    2941.3
1986.12    3011.2
1987.01    2956.3
1987.02    3021.0
1987.03    3029.9
1987.04    3055.4
1987.05    3065.0
1987.06    3089.8
1987.07    3110.9
1987.08    3148.3
1987.09    3143.5
1987.10    3154.5
1987.11    3164.2
1987.12    3195.3
1988.01    3232.5
1988.02    3235.4
1988.03    3273.5
1988.04    3281.1
1988.05    3312.8
1988.06    3336.7
1988.07    3362.8
1988.08    3387.1
1988.09    3397.0
1988.10    3438.7
1988.11    3454.8
1988.12    3484.1
1989.01    3503.4
1989.02    3503.6
1989.03    3511.4
1989.04    3558.8
1989.05    3568.7
1989.06    3581.6
1989.07    3601.3
1989.08    3639.3
1989.09    3641.2
1989.10    3657.6
1989.11    3664.7
1989.12    3705.9
1990.01    3751.4
1990.02    3750.1
1990.03    3776.1
1990.04    3797.8
1990.05    3800.4
1990.06    3837.3
1990.07    3854.7
1990.08    3881.0
1990.09    3901.9
1990.10    3908.2
1990.11    3909.7
1990.12    3903.1
1991.01    3879.8
1991.02    3904.4
1991.03    3947.9
1991.04    3941.8
1991.05    3966.8
1991.06    3974.4
1991.07    3996.7
1991.08    3994.4
1991.09    4013.7
1991.10    3999.8
1991.11    4030.6
1991.12    4050.8
1992.01    4112.1
1992.02    4125.2
1992.03    4145.6
1992.04    4157.3
1992.05    4186.3
1992.06    4205.6
1992.07    4232.1
1992.08    4208.6
1992.09    4276.0
1992.10    4307.5
1992.11    4324.3
1992.12    4357.0
1993.01    4365.2
1993.02    4377.3
1993.03    4353.7
1993.04    4413.4
1993.05    4422.7
1993.06    4448.2
1993.07    4473.2
1993.08    4486.6
1993.09    4505.9
1993.10    4536.8
1993.11    4554.2
1993.12    4573.8
1994.01    4559.6
1994.02    4635.8
1994.03    4654.4
1994.04    4662.8
1994.05    4675.3
1994.06    4703.5
1994.07    4718.0
1994.08    4760.9
1994.09    4772.9
1994.10    4806.4
1994.11    4823.2
1994.12    4830.9
1995.01    4871.3
1995.02    4860.3
1995.03    4883.6
1995.04    4895.4
1995.05    4933.8
1995.06    4975.1
1995.07    4965.5
1995.08    5010.0
1995.09    4996.4
1995.10    4996.0
1995.11    5034.6
1995.12    5070.6
1996.01    5068.9
1996.02    5122.8
1996.03    5125.8
1996.04    5176.1
1996.05    5200.5
1996.06    5190.6
1996.07    5216.8
1996.08    5226.4
1996.09    5238.8
1996.10    5285.4
1996.11    5302.7
1996.12    5336.4
1997.01    5396.7
1997.02    5409.7
1997.03    5410.8
1997.04    5422.8
1997.05    5432.2
1997.06    5444.4
1997.07    5485.7
