pcec92 -- Personal Consumption Expenditures (SAAR, Bil.Chn.1992$)                    

   DATE    PCEC92

1959.01    1356.5
1959.02    1369.9
1959.03    1383.4
1959.04    1378.8
1959.05    1395.3
1959.06    1400.9
1959.07    1396.7
1959.08    1405.4
1959.09    1419.4
1959.10    1410.2
1959.11    1409.5
1959.12    1408.7
1960.01    1412.4
1960.02    1417.9
1960.03    1437.3
1960.04    1459.3
1960.05    1430.0
1960.06    1429.7
1960.07    1432.3
1960.08    1430.9
1960.09    1437.2
1960.10    1443.8
1960.11    1439.1
1960.12    1421.4
1961.01    1424.6
1961.02    1430.2
1961.03    1447.9
1961.04    1448.7
1961.05    1457.1
1961.06    1461.3
1961.07    1457.2
1961.08    1462.5
1961.09    1470.8
1961.10    1479.8
1961.11    1494.1
1961.12    1504.3
1962.01    1504.9
1962.02    1504.0
1962.03    1516.4
1962.04    1521.2
1962.05    1532.9
1962.06    1525.9
1962.07    1531.1
1962.08    1535.3
1962.09    1552.3
1962.10    1544.4
1962.11    1564.6
1962.12    1572.9
1963.01    1572.4
1963.02    1566.7
1963.03    1574.7
1963.04    1580.3
1963.05    1581.5
1963.06    1597.2
1963.07    1605.2
1963.08    1610.4
1963.09    1607.1
1963.10    1606.8
1963.11    1618.3
1963.12    1638.4
1964.01    1643.5
1964.02    1655.8
1964.03    1661.4
1964.04    1664.8
1964.05    1687.2
1964.06    1697.2
1964.07    1709.2
1964.08    1719.9
1964.09    1712.6
1964.10    1723.5
1964.11    1707.7
1964.12    1724.5
1965.01    1736.2
1965.02    1763.7
1965.03    1768.8
1965.04    1781.8
1965.05    1780.4
1965.06    1766.2
1965.07    1787.5
1965.08    1800.4
1965.09    1830.4
1965.10    1857.0
1965.11    1856.4
1965.12    1860.6
1966.01    1872.5
1966.02    1884.9
1966.03    1899.3
1966.04    1901.1
1966.05    1883.2
1966.06    1888.6
1966.07    1904.4
1966.08    1907.6
1966.09    1925.1
1966.10    1916.4
1966.11    1919.1
1966.12    1921.9
1967.01    1932.2
1967.02    1925.7
1967.03    1935.8
1967.04    1953.9
1967.05    1953.5
1967.06    1965.2
1967.07    1957.4
1967.08    1963.7
1967.09    1980.1
1967.10    1961.3
1967.11    1974.4
1967.12    1999.8
1968.01    2012.7
1968.02    2014.5
1968.03    2048.0
1968.04    2040.9
1968.05    2055.5
1968.06    2072.8
1968.07    2092.1
1968.08    2097.8
1968.09    2095.3
1968.10    2098.7
1968.11    2109.7
1968.12    2104.8
1969.01    2122.2
1969.02    2135.4
1969.03    2126.4
1969.04    2134.8
1969.05    2149.0
1969.06    2140.6
1969.07    2138.4
1969.08    2157.9
1969.09    2159.7
1969.10    2171.1
1969.11    2168.3
1969.12    2167.0
1970.01    2179.7
1970.02    2189.0
1970.03    2178.1
1970.04    2180.2
1970.05    2195.5
1970.06    2202.9
1970.07    2202.1
1970.08    2210.9
1970.09    2221.7
1970.10    2207.9
1970.11    2192.9
1970.12    2213.2
1971.01    2243.4
1971.02    2247.6
1971.03    2248.4
1971.04    2261.3
1971.05    2260.2
1971.06    2278.0
1971.07    2267.8
1971.08    2280.0
1971.09    2303.7
1971.10    2308.4
1971.11    2320.4
1971.12    2334.6
1972.01    2336.5
1972.02    2341.0
1972.03    2378.6
1972.04    2384.6
1972.05    2396.6
1972.06    2403.3
1972.07    2420.6
1972.08    2433.2
1972.09    2438.0
1972.10    2476.3
1972.11    2485.9
1972.12    2495.9
1973.01    2519.9
1973.02    2534.5
1973.03    2536.7
1973.04    2525.9
1973.05    2531.8
1973.06    2524.8
1973.07    2546.3
1973.08    2518.2
1973.09    2555.2
1973.10    2536.3
1973.11    2541.4
1973.12    2520.1
1974.01    2521.2
1974.02    2506.0
1974.03    2510.9
1974.04    2519.6
1974.05    2527.0
1974.06    2521.6
1974.07    2529.8
1974.08    2546.9
1974.09    2520.4
1974.10    2510.4
1974.11    2483.3
1974.12    2479.1
1975.01    2499.3
1975.02    2522.3
1975.03    2518.1
1975.04    2521.0
1975.05    2572.1
1975.06    2575.8
1975.07    2585.9
1975.08    2591.5
1975.09    2598.0
1975.10    2597.2
1975.11    2617.1
1975.12    2641.8
1976.01    2670.7
1976.02    2668.9
1976.03    2682.9
1976.04    2701.0
1976.05    2681.1
1976.06    2711.6
1976.07    2717.8
1976.08    2722.4
1976.09    2733.1
1976.10    2738.0
1976.11    2753.9
1976.12    2790.5
1977.01    2782.8
1977.02    2798.9
1977.03    2801.3
1977.04    2805.6
1977.05    2813.1
1977.06    2812.2
1977.07    2834.0
1977.08    2833.6
1977.09    2843.3
1977.10    2864.4
1977.11    2881.7
1977.12    2886.7
1978.01    2855.8
1978.02    2896.5
1978.03    2926.9
1978.04    2942.7
1978.05    2955.0
1978.06    2966.1
1978.07    2952.0
1978.08    2978.5
1978.09    2974.2
1978.10    2978.6
1978.11    2988.1
1978.12    3005.2
1979.01    2996.9
1979.02    3012.2
1979.03    3015.2
1979.04    2997.3
1979.05    3003.1
1979.06    3010.1
1979.07    3004.2
1979.08    3037.1
1979.09    3044.9
1979.10    3036.9
1979.11    3046.3
1979.12    3037.5
1980.01    3062.4
1980.02    3037.0
1980.03    3012.3
1980.04    2973.6
1980.05    2959.4
1980.06    2973.2
1980.07    2997.3
1980.08    2999.9
1980.09    2998.5
1980.10    3033.9
1980.11    3023.8
1980.12    3044.8
1981.01    3046.4
1981.02    3040.3
1981.03    3050.0
1981.04    3038.3
1981.05    3039.1
1981.06    3060.0
1981.07    3052.6
1981.08    3071.5
1981.09    3052.1
1981.10    3035.4
1981.11    3027.2
1981.12    3043.4
1982.01    3036.7
1982.02    3064.0
1982.03    3061.2
1982.04    3062.7
1982.05    3070.3
1982.06    3053.2
1982.07    3069.9
1982.08    3072.7
1982.09    3097.8
1982.10    3110.2
1982.11    3133.5
1982.12    3145.4
1983.01    3146.6
1983.02    3144.2
1983.03    3178.6
1983.04    3197.8
1983.05    3216.4
1983.06    3246.1
1983.07    3263.4
1983.08    3266.0
1983.09    3271.9
1983.10    3299.5
1983.11    3309.0
1983.12    3347.4
1984.01    3375.2
1984.02    3330.8
1984.03    3356.0
1984.04    3378.4
1984.05    3396.2
1984.06    3417.9
1984.07    3403.2
1984.08    3414.8
1984.09    3437.3
1984.10    3427.6
1984.11    3475.4
1984.12    3478.8
1985.01    3504.1
1985.02    3517.5
1985.03    3512.0
1985.04    3520.7
1985.05    3560.4
1985.06    3541.4
1985.07    3563.2
1985.08    3595.8
1985.09    3647.1
1985.10    3591.5
1985.11    3603.0
1985.12    3641.6
1986.01    3645.6
1986.02    3636.5
1986.03    3650.1
1986.04    3671.3
1986.05    3692.4
1986.06    3685.2
1986.07    3706.3
1986.08    3721.6
1986.09    3800.4
1986.10    3746.0
1986.11    3733.9
1986.12    3814.6
1987.01    3721.4
1987.02    3787.3
1987.03    3788.6
1987.04    3807.7
1987.05    3808.7
1987.06    3825.5
1987.07    3841.7
1987.08    3869.7
1987.09    3847.4
1987.10    3845.3
1987.11    3845.5
1987.12    3878.6
1988.01    3914.2
1988.02    3913.4
1988.03    3945.1
1988.04    3933.4
1988.05    3956.4
1988.06    3966.7
1988.07    3978.2
1988.08    3993.2
1988.09    3984.0
1988.10    4017.2
1988.11    4025.1
1988.12    4045.1
1989.01    4044.7
1989.02    4031.5
1989.03    4022.2
1989.04    4048.6
1989.05    4043.4
1989.06    4050.1
1989.07    4061.0
1989.08    4100.2
1989.09    4088.5
1989.10    4086.2
1989.11    4082.6
1989.12    4116.1
1990.01    4139.1
1990.02    4120.1
1990.03    4127.6
1990.04    4135.1
1990.05    4124.4
1990.06    4144.7
1990.07    4150.0
1990.08    4150.1
1990.09    4145.5
1990.10    4125.9
1990.11    4118.6
1990.12    4104.6
1991.01    4060.0
1991.02    4075.1
1991.03    4118.3
1991.04    4100.8
1991.05    4114.0
1991.06    4115.3
1991.07    4127.6
1991.08    4112.6
1991.09    4118.3
1991.10    4095.6
1991.11    4111.0
1991.12    4120.7
1992.01    4170.3
1992.02    4171.9
1992.03    4179.1
1992.04    4179.6
1992.05    4199.9
1992.06    4209.7
1992.07    4220.4
1992.08    4207.3
1992.09    4252.3
1992.10    4266.8
1992.11    4276.8
1992.12    4303.4
1993.01    4298.1
1993.02    4296.4
1993.03    4266.0
1993.04    4312.3
1993.05    4316.4
1993.06    4339.7
1993.07    4359.4
1993.08    4364.0
1993.09    4376.2
1993.10    4386.4
1993.11    4396.0
1993.12    4411.7
1994.01    4396.8
1994.02    4457.8
1994.03    4463.6
1994.04    4464.1
1994.05    4469.4
1994.06    4483.2
1994.07    4480.8
1994.08    4506.2
1994.09    4507.6
1994.10    4528.2
1994.11    4536.1
1994.12    4538.0
1995.01    4560.0
1995.02    4540.2
1995.03    4553.7
1995.04    4553.0
1995.05    4582.4
1995.06    4615.1
1995.07    4597.9
1995.08    4627.6
1995.09    4613.2
1995.10    4602.9
1995.11    4636.5
1995.12    4661.0
1996.01    4647.1
1996.02    4684.9
1996.03    4676.0
1996.04    4707.3
1996.05    4722.2
1996.06    4707.1
1996.07    4716.1
1996.08    4719.3
1996.09    4719.2
1996.10    4745.2
1996.11    4751.0
1996.12    4773.1
1997.01    4819.8
1997.02    4818.3
1997.03    4816.1
1997.04    4822.0
1997.05    4831.5
1997.06    4836.4
1997.07    4866.0
