pcectpi -- PCE: Chain Price Index  (SA, 1992=100)                                     

  DATE    PCECTPI

1959.1     22.670
1959.2     22.740
1959.3     22.863
1959.4     22.976
1960.1     23.009
1960.2     23.144
1960.3     23.237
1960.4     23.354
1961.1     23.408
1961.2     23.400
1961.3     23.473
1961.4     23.496
1962.1     23.556
1962.2     23.667
1962.3     23.734
1962.4     23.817
1963.1     23.874
1963.2     23.919
1963.3     24.040
1963.4     24.122
1964.1     24.223
1964.2     24.264
1964.3     24.339
1964.4     24.425
1965.1     24.521
1965.2     24.655
1965.3     24.760
1965.4     24.839
1966.1     25.035
1966.2     25.231
1966.3     25.437
1966.4     25.639
1967.1     25.721
1967.2     25.863
1967.3     26.116
1967.4     26.348
1968.1     26.646
1968.2     26.908
1968.3     27.165
1968.4     27.444
1969.1     27.673
1969.2     27.993
1969.3     28.314
1969.4     28.641
1970.1     28.979
1970.2     29.307
1970.3     29.627
1970.4     30.041
1971.1     30.343
1971.2     30.702
1971.3     31.013
1971.4     31.219
1972.1     31.548
1972.2     31.742
1972.3     32.017
1972.4     32.297
1973.1     32.684
1973.2     33.318
1973.3     33.904
1973.4     34.589
1974.1     35.599
1974.2     36.576
1974.3     37.502
1974.4     38.441
1975.1     39.120
1975.2     39.610
1975.3     40.376
1975.4     41.066
1976.1     41.525
1976.2     41.911
1976.3     42.575
1976.4     43.284
1977.1     44.042
1977.2     44.817
1977.3     45.495
1977.4     46.161
1978.1     46.961
1978.2     47.991
1978.3     48.882
1978.4     49.788
1979.1     50.855
1979.2     52.100
1979.3     53.392
1979.4     54.707
1980.1     56.401
1980.2     57.841
1980.3     59.189
1980.4     60.537
1981.1     62.067
1981.2     63.149
1981.3     64.318
1981.4     65.364
1982.1     66.196
1982.2     66.841
1982.3     67.902
1982.4     68.649
1983.1     69.231
1983.2     70.109
1983.3     70.924
1983.4     71.590
1984.1     72.249
1984.2     72.872
1984.3     73.439
1984.4     73.995
1985.1     74.739
1985.2     75.520
1985.3     76.138
1985.4     76.954
1986.1     77.477
1986.2     77.559
1986.3     78.181
1986.4     78.775
1987.1     79.724
1987.2     80.509
1987.3     81.358
1987.4     82.245
1988.1     82.768
1988.2     83.774
1988.3     84.880
1988.4     85.854
1989.1     86.939
1989.2     88.197
1989.3     88.830
1989.4     89.799
1990.1     91.049
1990.2     92.189
1990.3     93.505
1990.4     94.912
1991.1     95.741
1991.2     96.383
1991.3     97.137
1991.4     98.007
1992.1     98.903
1992.2     99.703
1992.3    100.298
1992.4    101.097
1993.1    101.832
1993.2    102.456
1993.3    102.798
1993.4    103.566
1994.1    103.998
1994.2    104.681
1994.3    105.612
1994.4    106.305
1995.1    107.047
1995.2    107.685
1995.3    108.190
1995.4    108.627
1996.1    109.337
1996.2    110.128
1996.3    110.802
1996.4    111.611
1997.1    112.209
1997.2    112.492
