pcedg -- Personal Consumption Expenditures: Durable Goods (SAAR, Bil.$)             

   DATE    PCEDG

1959.01     40.1
1959.02     42.0
1959.03     42.3
1959.04     42.9
1959.05     43.1
1959.06     43.7
1959.07     43.2
1959.08     44.0
1959.09     45.1
1959.10     42.5
1959.11     42.5
1959.12     40.5
1960.01     40.9
1960.02     43.5
1960.03     45.1
1960.04     46.7
1960.05     43.5
1960.06     42.1
1960.07     42.5
1960.08     43.5
1960.09     44.9
1960.10     44.3
1960.11     42.7
1960.12     40.0
1961.01     39.3
1961.02     39.5
1961.03     40.8
1961.04     40.4
1961.05     41.0
1961.06     41.4
1961.07     41.7
1961.08     42.1
1961.09     42.5
1961.10     43.1
1961.11     44.2
1961.12     45.2
1962.01     45.0
1962.02     44.9
1962.03     45.6
1962.04     45.8
1962.05     47.0
1962.06     46.6
1962.07     46.6
1962.08     46.4
1962.09     47.9
1962.10     46.4
1962.11     49.5
1962.12     50.9
1963.01     50.4
1963.02     49.9
1963.03     49.7
1963.04     50.6
1963.05     50.9
1963.06     52.3
1963.07     52.8
1963.08     51.4
1963.09     51.9
1963.10     51.5
1963.11     53.0
1963.12     54.8
1964.01     55.3
1964.02     55.6
1964.03     54.8
1964.04     55.3
1964.05     56.7
1964.06     57.7
1964.07     58.7
1964.08     59.2
1964.09     57.4
1964.10     58.2
1964.11     55.9
1964.12     55.0
1965.01     58.0
1965.02     62.3
1965.03     65.3
1965.04     64.3
1965.05     62.0
1965.06     58.9
1965.07     60.4
1965.08     62.9
1965.09     67.5
1965.10     66.2
1965.11     65.8
1965.12     65.6
1966.01     66.8
1966.02     68.9
1966.03     71.1
1966.04     69.0
1966.05     65.3
1966.06     64.5
1966.07     66.1
1966.08     68.8
1966.09     71.6
1966.10     69.8
1966.11     68.7
1966.12     68.8
1967.01     69.0
1967.02     66.4
1967.03     67.5
1967.04     70.8
1967.05     70.5
1967.06     71.6
1967.07     71.0
1967.08     70.0
1967.09     72.4
1967.10     70.5
1967.11     71.5
1967.12     74.0
1968.01     76.1
1968.02     75.8
1968.03     79.5
1968.04     77.4
1968.05     80.0
1968.06     79.7
1968.07     82.7
1968.08     83.4
1968.09     83.9
1968.10     84.0
1968.11     83.1
1968.12     83.6
1969.01     85.7
1969.02     86.3
1969.03     84.7
1969.04     85.8
1969.05     85.9
1969.06     86.0
1969.07     84.1
1969.08     86.1
1969.09     88.1
1969.10     86.9
1969.11     86.1
1969.12     85.7
1970.01     84.5
1970.02     86.3
1970.03     83.8
1970.04     85.1
1970.05     86.2
1970.06     86.9
1970.07     86.3
1970.08     87.3
1970.09     87.2
1970.10     84.5
1970.11     80.0
1970.12     81.9
1971.01     92.1
1971.02     91.9
1971.03     94.2
1971.04     94.9
1971.05     94.2
1971.06     97.5
1971.07     95.5
1971.08     96.6
1971.09    101.3
1971.10    101.5
1971.11    101.5
1971.12    101.6
1972.01    104.7
1972.02    103.5
1972.03    106.4
1972.04    106.9
1972.05    108.5
1972.06    108.8
1972.07    110.5
1972.08    112.1
1972.09    111.7
1972.10    115.7
1972.11    117.0
1972.12    118.4
1973.01    122.9
1973.02    125.2
1973.03    127.6
1973.04    125.4
1973.05    126.1
1973.06    120.9
1973.07    123.0
1973.08    121.7
1973.09    126.7
1973.10    122.3
1973.11    121.9
1973.12    119.0
1974.01    119.0
1974.02    117.0
1974.03    120.6
1974.04    121.4
1974.05    124.3
1974.06    123.3
1974.07    126.1
1974.08    133.4
1974.09    126.8
1974.10    122.6
1974.11    116.8
1974.12    116.5
1975.01    121.0
1975.02    126.2
1975.03    122.5
1975.04    123.8
1975.05    129.6
1975.06    131.4
1975.07    136.2
1975.08    136.5
1975.09    141.1
1975.10    139.2
1975.11    144.1
1975.12    149.9
1976.01    152.1
1976.02    155.0
1976.03    155.3
1976.04    158.1
1976.05    152.7
1976.06    158.1
1976.07    159.6
1976.08    158.4
1976.09    160.8
1976.10    160.7
1976.11    163.1
1976.12    172.1
1977.01    167.9
1977.02    173.6
1977.03    179.4
1977.04    178.3
1977.05    178.1
1977.06    179.7
1977.07    181.0
1977.08    183.2
1977.09    184.9
1977.10    185.7
1977.11    189.2
1977.12    192.3
1978.01    180.1
1978.02    187.0
1978.03    193.2
1978.04    201.9
1978.05    205.2
1978.06    206.2
1978.07    203.3
1978.08    209.9
1978.09    201.0
1978.10    208.2
1978.11    209.7
1978.12    211.6
1979.01    208.4
1979.02    212.0
1979.03    213.0
1979.04    210.6
1979.05    212.2
1979.06    206.9
1979.07    213.5
1979.08    218.8
1979.09    222.9
1979.10    215.8
1979.11    216.1
1979.12    217.0
1980.01    226.9
1980.02    220.3
1980.03    211.1
1980.04    199.6
1980.05    195.7
1980.06    202.2
1980.07    213.7
1980.08    211.0
1980.09    212.5
1980.10    223.1
1980.11    223.7
1980.12    222.3
1981.01    226.6
1981.02    233.9
1981.03    237.3
1981.04    228.1
1981.05    226.3
1981.06    227.8
1981.07    231.6
1981.08    246.9
1981.09    236.6
1981.10    223.9
1981.11    223.7
1981.12    223.2
1982.01    227.9
1982.02    235.7
1982.03    235.8
1982.04    231.4
1982.05    243.1
1982.06    232.4
1982.07    233.7
1982.08    234.7
1982.09    246.0
1982.10    240.0
1982.11    254.0
1982.12    256.4
1983.01    254.0
1983.02    252.6
1983.03    257.1
1983.04    267.0
1983.05    274.0
1983.06    283.0
1983.07    288.0
1983.08    285.5
1983.09    287.0
1983.10    297.9
1983.11    299.8
1983.12    312.3
1984.01    320.3
1984.02    312.3
1984.03    312.6
1984.04    319.4
1984.05    324.8
1984.06    329.0
1984.07    324.6
1984.08    322.8
1984.09    327.3
1984.10    325.7
1984.11    340.5
1984.12    341.9
1985.01    347.6
1985.02    346.8
1985.03    355.0
1985.04    347.1
1985.05    365.4
1985.06    350.8
1985.07    357.2
1985.08    370.5
1985.09    402.9
1985.10    359.0
1985.11    360.2
1985.12    370.3
1986.01    380.3
1986.02    368.2
1986.03    362.5
1986.04    381.9
1986.05    391.4
1986.06    380.9
1986.07    392.7
1986.08    410.7
1986.09    462.6
1986.10    411.2
1986.11    396.7
1986.12    445.0
1987.01    376.0
1987.02    402.4
1987.03    404.3
1987.04    412.4
1987.05    409.1
1987.06    419.8
1987.07    426.4
1987.08    442.9
1987.09    434.7
1987.10    417.6
1987.11    421.2
1987.12    433.3
1988.01    444.8
1988.02    442.1
1988.03    445.6
1988.04    442.2
1988.05    450.3
1988.06    452.2
1988.07    448.2
1988.08    446.9
1988.09    446.2
1988.10    456.2
1988.11    459.6
1988.12    477.6
1989.01    472.8
1989.02    456.9
1989.03    457.7
1989.04    478.4
1989.05    468.1
1989.06    471.0
1989.07    476.8
1989.08    498.0
1989.09    479.0
1989.10    473.8
1989.11    469.7
1989.12    471.7
1990.01    514.8
1990.02    483.4
1990.03    481.6
1990.04    484.8
1990.05    474.0
1990.06    473.8
1990.07    475.4
1990.08    469.3
1990.09    474.9
1990.10    466.2
1990.11    463.6
1990.12    455.8
1991.01    432.3
1991.02    444.3
1991.03    470.4
1991.04    450.7
1991.05    450.8
1991.06    456.5
1991.07    462.8
1991.08    457.8
1991.09    465.3
1991.10    454.0
1991.11    457.1
1991.12    460.7
1992.01    473.3
1992.02    478.7
1992.03    470.2
1992.04    469.3
1992.05    483.3
1992.06    491.4
1992.07    487.8
1992.08    492.8
1992.09    496.9
1992.10    505.4
1992.11    496.8
1992.12    516.4
1993.01    519.8
1993.02    501.9
1993.03    497.4
1993.04    520.0
1993.05    525.0
1993.06    527.6
1993.07    539.0
1993.08    535.8
1993.09    536.8
1993.10    548.1
1993.11    553.6
1993.12    557.6
1994.01    550.4
1994.02    567.2
1994.03    572.0
1994.04    578.1
1994.05    567.5
1994.06    571.6
1994.07    576.8
1994.08    587.0
1994.09    586.1
1994.10    595.3
1994.11    603.1
1994.12    599.4
1995.01    604.0
1995.02    587.3
1995.03    599.5
1995.04    588.6
1995.05    603.4
1995.06    616.4
1995.07    608.6
1995.08    626.4
1995.09    613.1
1995.10    608.2
1995.11    616.8
1995.12    630.4
1996.01    615.2
1996.02    638.6
1996.03    626.3
1996.04    641.0
1996.05    644.7
1996.06    630.1
1996.07    631.5
1996.08    641.1
1996.09    630.7
1996.10    638.8
1996.11    638.4
1996.12    637.4
1997.01    661.0
1997.02    659.8
1997.03    654.4
1997.04    643.2
1997.05    643.8
1997.06    646.5
1997.07    658.8
