pcedgc92 -- Personal Consumption Expenditures: Durable Goods (SAAR, Bil.Chn.1992$)     

   DATE    PCEDGC92

1959.01       97.5 
1959.02      101.9 
1959.03      102.3 
1959.04      103.8 
1959.05      104.0 
1959.06      105.1 
1959.07      104.0 
1959.08      106.5 
1959.09      109.1 
1959.10      102.7 
1959.11      102.3 
1959.12       97.8 
1960.01       99.0 
1960.02      105.0 
1960.03      109.4 
1960.04      113.1 
1960.05      105.2 
1960.06      102.4 
1960.07      103.3 
1960.08      105.6 
1960.09      109.5 
1960.10      108.1 
1960.11      103.7 
1960.12       97.8 
1961.01       95.7 
1961.02       96.4 
1961.03       99.3 
1961.04       98.1 
1961.05       99.4 
1961.06      100.1 
1961.07      100.9 
1961.08      101.8 
1961.09      102.4 
1961.10      104.0 
1961.11      107.0 
1961.12      109.3 
1962.01      108.8 
1962.02      108.4 
1962.03      110.0 
1962.04      110.4 
1962.05      113.2 
1962.06      112.2 
1962.07      112.1 
1962.08      111.8 
1962.09      115.1 
1962.10      112.2 
1962.11      119.4 
1962.12      122.9 
1963.01      121.9 
1963.02      120.3 
1963.03      119.9 
1963.04      122.0 
1963.05      122.6 
1963.06      125.8 
1963.07      126.9 
1963.08      123.6 
1963.09      124.1 
1963.10      123.1 
1963.11      126.8 
1963.12      131.2 
1964.01      132.0 
1964.02      132.6 
1964.03      130.6 
1964.04      132.1 
1964.05      135.6 
1964.06      138.1 
1964.07      140.3 
1964.08      141.6 
1964.09      137.3 
1964.10      139.9 
1964.11      134.0 
1964.12      131.7 
1965.01      138.8 
1965.02      149.1 
1965.03      156.4 
1965.04      154.2 
1965.05      148.6 
1965.06      142.4 
1965.07      146.0 
1965.08      152.0 
1965.09      163.0 
1965.10      161.7 
1965.11      160.4 
1965.12      159.0 
1966.01      163.3 
1966.02      167.8 
1966.03      172.9 
1966.04      167.8 
1966.05      158.6 
1966.06      156.7 
1966.07      160.0 
1966.08      166.5 
1966.09      173.1 
1966.10      168.7 
1966.11      165.9 
1966.12      165.1 
1967.01      166.5 
1967.02      160.4 
1967.03      163.0 
1967.04      170.6 
1967.05      169.4 
1967.06      172.0 
1967.07      169.3 
1967.08      166.5 
1967.09      171.5 
1967.10      166.1 
1967.11      168.0 
1967.12      174.2 
1968.01      178.0 
1968.02      177.0 
1968.03      185.2 
1968.04      180.2 
1968.05      185.9 
1968.06      184.9 
1968.07      191.2 
1968.08      192.2 
1968.09      192.7 
1968.10      192.0 
1968.11      189.5 
1968.12      190.8 
1969.01      195.3 
1969.02      195.9 
1969.03      191.3 
1969.04      193.7 
1969.05      193.8 
1969.06      193.4 
1969.07      189.0 
1969.08      193.2 
1969.09      197.5 
1969.10      193.8 
1969.11      191.7 
1969.12      190.9 
1970.01      188.3 
1970.02      191.8 
1970.03      185.9 
1970.04      188.7 
1970.05      190.9 
1970.06      192.4 
1970.07      190.6 
1970.08      192.1 
1970.09      191.2 
1970.10      184.0 
1970.11      172.8 
1970.12      175.9 
1971.01      196.5 
1971.02      195.3 
1971.03      200.1 
1971.04      200.9 
1971.05      199.2 
1971.06      205.5 
1971.07      201.0 
1971.08      204.6 
1971.09      216.3 
1971.10      216.7 
1971.11      216.6 
1971.12      216.0 
1972.01      221.6 
1972.02      218.8 
1972.03      224.6 
1972.04      225.0 
1972.05      228.1 
1972.06      228.5 
1972.07      231.6 
1972.08      234.7 
1972.09      233.4 
1972.10      242.6 
1972.11      245.4 
1972.12      248.0 
1973.01      257.3 
1973.02      261.5 
1973.03      266.2 
1973.04      260.6 
1973.05      261.4 
1973.06      250.3 
1973.07      254.1 
1973.08      251.0 
1973.09      261.3 
1973.10      251.9 
1973.11      250.4 
1973.12      244.1 
1974.01      243.5 
1974.02      238.4 
1974.03      244.5 
1974.04      244.0 
1974.05      247.5 
1974.06      241.5 
1974.07      243.9 
1974.08      255.4 
1974.09      240.0 
1974.10      228.5 
1974.11      216.6 
1974.12      215.0 
1975.01      223.0 
1975.02      231.0 
1975.03      222.2 
1975.04      222.4 
1975.05      232.8 
1975.06      235.4 
1975.07      243.1 
1975.08      242.3 
1975.09      249.2 
1975.10      244.4 
1975.11      252.0 
1975.12      259.7 
1976.01      262.7 
1976.02      266.9 
1976.03      267.4 
1976.04      270.5 
1976.05      259.9 
1976.06      268.3 
1976.07      269.6 
1976.08      267.2 
1976.09      269.3 
1976.10      266.2 
1976.11      270.0 
1976.12      284.0 
1977.01      275.2 
1977.02      285.0 
1977.03      293.9 
1977.04      292.3 
1977.05      290.9 
1977.06      292.6 
1977.07      293.2 
1977.08      296.1 
1977.09      298.5 
1977.10      297.3 
1977.11      301.8 
1977.12      303.8 
1978.01      284.3 
1978.02      294.5 
1978.03      302.8 
1978.04      314.4 
1978.05      317.5 
1978.06      317.0 
1978.07      310.8 
1978.08      319.1 
1978.09      304.2 
1978.10      313.1 
1978.11      313.4 
1978.12      314.7 
1979.01      308.7 
1979.02      311.7 
1979.03      311.2 
1979.04      305.4 
1979.05      306.8 
1979.06      298.3 
1979.07      306.1 
1979.08      312.6 
1979.09      316.9 
1979.10      304.8 
1979.11      303.0 
1979.12      302.0 
1980.01      312.6 
1980.02      300.2 
1980.03      285.2 
1980.04      267.9 
1980.05      261.2 
1980.06      268.3 
1980.07      282.6 
1980.08      276.5 
1980.09      275.6 
1980.10      288.7 
1980.11      287.5 
1980.12      284.8 
1981.01      289.2 
1981.02      297.0 
1981.03      301.0 
1981.04      286.6 
1981.05      282.0 
1981.06      282.3 
1981.07      285.8 
1981.08      303.1 
1981.09      289.3 
1981.10      272.8 
1981.11      271.2 
1981.12      269.7 
1982.01      274.3 
1982.02      283.5 
1982.03      283.5 
1982.04      277.5 
1982.05      290.1 
1982.06      276.6 
1982.07      277.6 
1982.08      279.4 
1982.09      293.0 
1982.10      284.5 
1982.11      301.7 
1982.12      304.0 
1983.01      299.7 
1983.02      297.6 
1983.03      302.3 
1983.04      313.7 
1983.05      322.2 
1983.06      332.1 
1983.07      337.1 
1983.08      333.3 
1983.09      334.4 
1983.10      346.6 
1983.11      347.6 
1983.12      361.9 
1984.01      371.8 
1984.02      362.9 
1984.03      362.9 
1984.04      368.8 
1984.05      374.9 
1984.06      379.4 
1984.07      374.3 
1984.08      371.4 
1984.09      375.5 
1984.10      374.3 
1984.11      390.4 
1984.12      392.6 
1985.01      398.5 
1985.02      395.5 
1985.03      404.1 
1985.04      395.2 
1985.05      416.8 
1985.06      400.1 
1985.07      407.6 
1985.08      421.9 
1985.09      459.3 
1985.10      407.9 
1985.11      409.2 
1985.12      420.7 
1986.01      431.0 
1986.02      418.0 
1986.03      412.0 
1986.04      434.2 
1986.05      442.8 
1986.06      429.0 
1986.07      441.0 
1986.08      459.7 
1986.09      517.0 
1986.10      459.5 
1986.11      442.5 
1986.12      494.2 
1987.01      416.6 
1987.02      445.1 
1987.03      445.8 
1987.04      453.0 
1987.05      448.8 
1987.06      458.8 
1987.07      464.5 
1987.08      481.2 
1987.09      470.7 
1987.10      451.5 
1987.11      454.7 
1987.12      468.9 
1988.01      481.8 
1988.02      479.2 
1988.03      481.6 
1988.04      477.1 
1988.05      484.9 
1988.06      485.7 
1988.07      480.6 
1988.08      478.0 
1988.09      475.3 
1988.10      484.5 
1988.11      487.5 
1988.12      506.0 
1989.01      499.4 
1989.02      481.8 
1989.03      483.8 
1989.04      503.8 
1989.05      492.3 
1989.06      494.4 
1989.07      499.4 
1989.08      521.7 
1989.09      501.0 
1989.10      494.6 
1989.11      489.5 
1989.12      492.5 
1990.01      534.6 
1990.02      500.2 
1990.03      498.7 
1990.04      502.5 
1990.05      491.2 
1990.06      492.4 
1990.07      493.3 
1990.08      486.5 
1990.09      491.4 
1990.10      480.0 
1990.11      477.8 
1990.12      471.1 
1991.01      443.5 
1991.02      452.8 
1991.03      479.4 
1991.04      458.1 
1991.05      458.0 
1991.06      465.3 
1991.07      468.6 
1991.08      463.6 
1991.09      469.9 
1991.10      457.3 
1991.11      460.2 
1991.12      466.9 
1992.01      477.3 
1992.02      480.3 
1992.03      470.6 
1992.04      469.6 
1992.05      482.5 
1992.06      491.3 
1992.07      487.4 
1992.08      492.1 
1992.09      496.3 
1992.10      503.5 
1992.11      494.7 
1992.12      516.7 
1993.01      517.2 
1993.02      499.5 
1993.03      495.4 
1993.04      515.1 
1993.05      520.4 
1993.06      522.3 
1993.07      533.0 
1993.08      528.4 
1993.09      528.2 
1993.10      537.3 
1993.11      542.2 
1993.12      546.8 
1994.01      539.4 
1994.02      554.9 
1994.03      557.7 
1994.04      563.9 
1994.05      550.5 
1994.06      552.9 
1994.07      556.0 
1994.08      565.3 
1994.09      563.9 
1994.10      573.4 
1994.11      580.0 
1994.12      576.3 
1995.01      579.7 
1995.02      563.0 
1995.03      574.0 
1995.04      562.9 
1995.05      578.6 
1995.06      591.6 
1995.07      584.2 
1995.08      600.5 
1995.09      587.6 
1995.10      583.5 
1995.11      592.8 
1995.12      604.8 
1996.01      589.6 
1996.02      612.5 
1996.03      599.8 
1996.04      615.4 
1996.05      621.2 
1996.06      607.6 
1996.07      609.0 
1996.08      618.5 
1996.09      608.0 
1996.10      616.0 
1996.11      617.2 
1996.12      618.2 
1997.01      641.2 
1997.02      638.4 
1997.03      633.8 
1997.04      626.2 
1997.05      628.4 
1997.06      632.5 
1997.07      645.6 
