pcend -- Personal Consumption Expenditures: Nondurable Goods (SAAR, Bil.$)          

   DATE     PCEND

1959.01     145.0
1959.02     145.7
1959.03     147.7
1959.04     145.6
1959.05     148.4
1959.06     149.0
1959.07     148.2
1959.08     148.8
1959.09     150.8
1959.10     151.0
1959.11     150.2
1959.12     151.4
1960.01     151.0
1960.02     149.5
1960.03     151.9
1960.04     155.9
1960.05     151.9
1960.06     153.0
1960.07     153.7
1960.08     152.8
1960.09     152.5
1960.10     154.1
1960.11     154.8
1960.12     152.9
1961.01     154.1
1961.02     155.0
1961.03     156.6
1961.04     155.7
1961.05     156.1
1961.06     156.3
1961.07     155.6
1961.08     156.5
1961.09     157.4
1961.10     157.7
1961.11     158.8
1961.12     159.5
1962.01     159.9
1962.02     160.2
1962.03     161.8
1962.04     162.1
1962.05     162.7
1962.06     160.9
1962.07     161.5
1962.08     162.6
1962.09     166.2
1962.10     164.5
1962.11     165.7
1962.12     165.6
1963.01     166.5
1963.02     165.6
1963.03     166.8
1963.04     166.5
1963.05     166.3
1963.06     168.1
1963.07     168.9
1963.08     170.9
1963.09     168.5
1963.10     168.5
1963.11     169.4
1963.12     171.9
1964.01     172.3
1964.02     174.3
1964.03     175.6
1964.04     175.0
1964.05     178.1
1964.06     178.9
1964.07     180.3
1964.08     181.5
1964.09     181.1
1964.10     182.0
1964.11     180.0
1964.12     184.8
1965.01     184.5
1965.02     186.4
1965.03     184.1
1965.04     187.8
1965.05     189.4
1965.06     188.9
1965.07     192.2
1965.08     192.0
1965.09     193.6
1965.10     199.7
1965.11     199.2
1965.12     201.0
1966.01     202.5
1966.02     204.6
1966.03     205.9
1966.04     208.4
1966.05     206.7
1966.06     208.8
1966.07     211.2
1966.08     210.1
1966.09     211.7
1966.10     210.9
1966.11     212.0
1966.12     212.3
1967.01     213.5
1967.02     213.8
1967.03     214.3
1967.04     215.1
1967.05     215.0
1967.06     216.8
1967.07     215.7
1967.08     218.0
1967.09     220.3
1967.10     217.7
1967.11     220.7
1967.12     224.2
1968.01     225.2
1968.02     227.4
1968.03     231.7
1968.04     231.2
1968.05     232.6
1968.06     235.9
1968.07     238.8
1968.08     240.4
1968.09     239.0
1968.10     240.5
1968.11     244.2
1968.12     241.4
1969.01     244.7
1969.02     247.0
1969.03     247.4
1969.04     249.5
1969.05     252.4
1969.06     251.5
1969.07     253.7
1969.08     256.6
1969.09     255.4
1969.10     259.2
1969.11     259.8
1969.12     260.8
1970.01     265.5
1970.02     265.9
1970.03     267.1
1970.04     267.4
1970.05     270.7
1970.06     271.4
1970.07     271.9
1970.08     273.0
1970.09     276.0
1970.10     276.5
1970.11     277.5
1970.12     281.2
1971.01     280.6
1971.02     281.0
1971.03     279.2
1971.04     282.7
1971.05     283.2
1971.06     286.4
1971.07     284.9
1971.08     287.2
1971.09     288.0
1971.10     288.0
1971.11     291.3
1971.12     293.6
1972.01     291.5
1972.02     295.0
1972.03     301.1
1972.04     301.8
1972.05     305.4
1972.06     305.9
1972.07     309.2
1972.08     310.9
1972.09     314.3
1972.10     319.8
1972.11     320.2
1972.12     321.5
1973.01     326.9
1973.02     331.3
1973.03     332.8
1973.04     334.6
1973.05     336.3
1973.06     340.1
1973.07     346.7
1973.08     345.0
1973.09     351.2
1973.10     352.9
1973.11     359.1
1973.12     360.3
1974.01     365.1
1974.02     369.3
1974.03     373.0
1974.04     377.3
1974.05     380.7
1974.06     383.0
1974.07     387.5
1974.08     393.0
1974.09     394.4
1974.10     396.7
1974.11     397.6
1974.12     396.0
1975.01     402.1
1975.02     404.7
1975.03     406.3
1975.04     405.4
1975.05     419.5
1975.06     421.6
1975.07     424.8
1975.08     429.3
1975.09     429.0
1975.10     429.7
1975.11     436.2
1975.12     439.2
1976.01     446.9
1976.02     443.5
1976.03     445.5
1976.04     450.1
1976.05     449.8
1976.06     457.8
1976.07     459.2
1976.08     462.9
1976.09     465.3
1976.10     469.9
1976.11     470.5
1976.12     476.7
1977.01     479.5
1977.02     486.4
1977.03     485.2
1977.04     489.9
1977.05     493.6
1977.06     492.6
1977.07     498.8
1977.08     497.5
1977.09     499.2
1977.10     507.3
1977.11     517.1
1977.12     516.1
1978.01     514.9
1978.02     523.9
1978.03     533.5
1978.04     535.6
1978.05     543.0
1978.06     549.2
1978.07     552.0
1978.08     556.8
1978.09     565.6
1978.10     565.9
1978.11     575.1
1978.12     583.6
1979.01     585.1
1979.02     592.4
1979.03     602.8
1979.04     599.0
1979.05     608.9
1979.06     622.4
1979.07     622.5
1979.08     637.3
1979.09     646.0
1979.10     648.8
1979.11     659.8
1979.12     662.7
1980.01     675.2
1980.02     677.9
1980.03     684.4
1980.04     684.8
1980.05     686.5
1980.06     686.8
1980.07     691.6
1980.08     701.7
1980.09     703.4
1980.10     713.1
1980.11     714.7
1980.12     725.5
1981.01     740.3
1981.02     744.8
1981.03     750.1
1981.04     754.0
1981.05     753.2
1981.06     759.3
1981.07     759.1
1981.08     763.0
1981.09     765.4
1981.10     767.7
1981.11     766.9
1981.12     773.9
1982.01     770.2
1982.02     780.9
1982.03     775.2
1982.04     775.3
1982.05     777.9
1982.06     780.3
1982.07     794.8
1982.08     789.7
1982.09     792.1
1982.10     801.4
1982.11     799.9
1982.12     804.3
1983.01     802.8
1983.02     800.8
1983.03     812.5
1983.04     814.3
1983.05     822.9
1983.06     832.2
1983.07     839.1
1983.08     840.5
1983.09     844.7
1983.10     848.8
1983.11     853.0
1983.12     851.6
1984.01     869.6
1984.02     860.8
1984.03     865.7
1984.04     876.2
1984.05     879.6
1984.06     892.5
1984.07     882.7
1984.08     886.2
1984.09     896.9
1984.10     890.4
1984.11     902.2
1984.12     899.9
1985.01     901.7
1985.02     913.0
1985.03     913.2
1985.04     923.4
1985.05     924.4
1985.06     921.4
1985.07     925.7
1985.08     931.9
1985.09     937.5
1985.10     939.3
1985.11     948.7
1985.12     950.9
1986.01     959.9
1986.02     953.1
1986.03     955.3
1986.04     942.4
1986.05     951.3
1986.06     954.5
1986.07     955.1
1986.08     953.3
1986.09     958.2
1986.10     966.0
1986.11     962.5
1986.12     974.9
1987.01     976.6
1987.02    1003.6
1987.03     998.5
1987.04    1006.0
1987.05    1010.4
1987.06    1015.0
1987.07    1016.3
1987.08    1022.6
1987.09    1023.1
1987.10    1026.2
1987.11    1030.7
1987.12    1038.9
1988.01    1039.1
1988.02    1038.2
1988.03    1058.9
1988.04    1061.0
1988.05    1068.9
1988.06    1073.5
1988.07    1084.8
1988.08    1094.6
1988.09    1102.6
1988.10    1112.0
1988.11    1119.9
1988.12    1119.4
1989.01    1135.5
1989.02    1128.5
1989.03    1132.8
1989.04    1151.2
1989.05    1161.8
1989.06    1165.8
1989.07    1167.1
1989.08    1172.2
1989.09    1181.4
1989.10    1182.7
1989.11    1186.6
1989.12    1200.1
1990.01    1208.2
1990.02    1224.4
1990.03    1229.5
1990.04    1226.8
1990.05    1222.3
1990.06    1241.4
1990.07    1245.5
1990.08    1257.1
1990.09    1266.1
1990.10    1273.3
1990.11    1278.5
1990.12    1270.5
1991.01    1264.6
1991.02    1266.9
1991.03    1273.3
1991.04    1273.2
1991.05    1284.2
1991.06    1281.8
1991.07    1286.1
1991.08    1282.5
1991.09    1281.5
1991.10    1273.5
1991.11    1280.4
1991.12    1283.3
1992.01    1303.7
1992.02    1303.7
1992.03    1302.0
1992.04    1304.2
1992.05    1311.6
1992.06    1309.4
1992.07    1318.4
1992.08    1329.5
1992.09    1331.0
1992.10    1344.8
1992.11    1349.3
1992.12    1354.3
1993.01    1359.1
1993.02    1361.3
1993.03    1342.9
1993.04    1365.6
1993.05    1366.6
1993.06    1366.7
1993.07    1372.0
1993.08    1372.4
1993.09    1377.3
1993.10    1385.6
1993.11    1387.9
1993.12    1390.6
1994.01    1385.1
1994.02    1407.7
1994.03    1420.2
1994.04    1408.4
1994.05    1414.3
1994.06    1425.2
1994.07    1431.3
1994.08    1442.5
1994.09    1444.6
1994.10    1451.3
1994.11    1454.1
1994.12    1455.7
1995.01    1474.1
1995.02    1454.6
1995.03    1459.2
1995.04    1464.7
1995.05    1474.5
1995.06    1478.0
1995.07    1476.6
1995.08    1479.7
1995.09    1484.9
1995.10    1478.8
1995.11    1487.6
1995.12    1497.1
1996.01    1498.4
1996.02    1511.4
1996.03    1514.6
1996.04    1531.2
1996.05    1534.7
1996.06    1530.9
1996.07    1536.4
1996.08    1533.5
1996.09    1545.0
1996.10    1557.8
1996.11    1558.1
1996.12    1564.6
1997.01    1584.5
1997.02    1589.0
1997.03    1588.6
1997.04    1576.9
1997.05    1577.0
1997.06    1580.7
1997.07    1589.9
