pcendc92 -- Personal Consumption Expenditures: Nondurable Goods(SAAR,Bil.Chn.1992$)    

   DATE    PCENDC92

1959.01      595.6 
1959.02      597.7 
1959.03      606.6 
1959.04      596.9 
1959.05      608.5 
1959.06      609.1 
1959.07      604.8 
1959.08      606.5 
1959.09      612.9 
1959.10      612.3 
1959.11      609.6 
1959.12      614.5 
1960.01      613.4 
1960.02      607.1 
1960.03      615.7 
1960.04      628.1 
1960.05      612.5 
1960.06      617.2 
1960.07      618.8 
1960.08      613.9 
1960.09      612.2 
1960.10      617.8 
1960.11      618.5 
1960.12      610.1 
1961.01      615.1 
1961.02      617.8 
1961.03      625.5 
1961.04      624.1 
1961.05      625.8 
1961.06      627.9 
1961.07      623.0 
1961.08      626.4 
1961.09      629.6 
1961.10      631.4 
1961.11      635.5 
1961.12      638.9 
1962.01      639.7 
1962.02      638.3 
1962.03      644.1 
1962.04      644.2 
1962.05      647.2 
1962.06      640.2 
1962.07      643.9 
1962.08      647.1 
1962.09      655.0 
1962.10      649.3 
1962.11      654.0 
1962.12      654.7 
1963.01      656.0 
1963.02      651.8 
1963.03      658.0 
1963.04      657.7 
1963.05      655.9 
1963.06      660.5 
1963.07      661.5 
1963.08      667.6 
1963.09      660.5 
1963.10      659.3 
1963.11      661.5 
1963.12      670.2 
1964.01      669.5 
1964.02      677.1 
1964.03      682.3 
1964.04      679.7 
1964.05      692.3 
1964.06      694.5 
1964.07      699.0 
1964.08      704.2 
1964.09      700.7 
1964.10      703.8 
1964.11      695.0 
1964.12      712.3 
1965.01      710.4 
1965.02      717.8 
1965.03      707.5 
1965.04      719.5 
1965.05      723.9 
1965.06      716.3 
1965.07      728.4 
1965.08      727.8 
1965.09      734.2 
1965.10      756.3 
1965.11      753.1 
1965.12      756.9 
1966.01      759.7 
1966.02      763.1 
1966.03      764.4 
1966.04      771.3 
1966.05      764.9 
1966.06      770.9 
1966.07      779.1 
1966.08      770.2 
1966.09      773.4 
1966.10      769.1 
1966.11      772.2 
1966.12      772.3 
1967.01      776.5 
1967.02      776.8 
1967.03      778.5 
1967.04      781.0 
1967.05      779.2 
1967.06      782.8 
1967.07      775.6 
1967.08      781.3 
1967.09      787.5 
1967.10      777.0 
1967.11      784.5 
1967.12      795.9 
1968.01      795.5 
1968.02      800.1 
1968.03      813.2 
1968.04      809.1 
1968.05      810.5 
1968.06      819.6 
1968.07      827.2 
1968.08      828.9 
1968.09      821.4 
1968.10      822.6 
1968.11      832.7 
1968.12      821.8 
1969.01      829.6 
1969.02      836.5 
1969.03      834.4 
1969.04      836.6 
1969.05      842.6 
1969.06      833.6 
1969.07      837.0 
1969.08      844.5 
1969.09      835.8 
1969.10      846.3 
1969.11      844.1 
1969.12      842.2 
1970.01      854.0 
1970.02      851.0 
1970.03      854.2 
1970.04      848.9 
1970.05      857.4 
1970.06      858.5 
1970.07      857.2 
1970.08      859.5 
1970.09      865.4 
1970.10      863.5 
1970.11      865.1 
1970.12      874.1 
1971.01      872.9 
1971.02      873.0 
1971.03      865.2 
1971.04      872.6 
1971.05      870.9 
1971.06      876.9 
1971.07      871.3 
1971.08      874.4 
1971.09      874.9 
1971.10      873.6 
1971.11      882.5 
1971.12      886.1 
1972.01      876.2 
1972.02      882.3 
1972.03      900.2 
1972.04      901.7 
1972.05      910.6 
1972.06      911.8 
1972.07      917.7 
1972.08      920.4 
1972.09      924.0 
1972.10      937.7 
1972.11      935.8 
1972.12      936.5 
1973.01      946.1 
1973.02      950.4 
1973.03      942.9 
1973.04      938.6 
1973.05      936.8 
1973.06      940.1 
1973.07      956.1 
1973.08      933.7 
1973.09      946.3 
1973.10      941.3 
1973.11      945.1 
1973.12      937.5 
1974.01      935.7 
1974.02      929.3 
1974.03      923.4 
1974.04      927.3 
1974.05      925.9 
1974.06      925.6 
1974.07      929.7 
1974.08      930.0 
1974.09      922.8 
1974.10      921.6 
1974.11      916.3 
1974.12      905.8 
1975.01      915.6 
1975.02      919.0 
1975.03      922.8 
1975.04      919.3 
1975.05      948.5 
1975.06      947.1 
1975.07      943.9 
1975.08      948.6 
1975.09      946.2 
1975.10      941.7 
1975.11      951.9 
1975.12      954.9 
1976.01      969.9 
1976.02      964.6 
1976.03      970.6 
1976.04      980.9 
1976.05      975.2 
1976.06      988.8 
1976.07      987.5 
1976.08      991.0 
1976.09      991.6 
1976.10      997.5 
1976.11      995.2 
1976.12     1004.6 
1977.01     1005.5 
1977.02     1008.5 
1977.03     1002.6 
1977.04     1006.4 
1977.05     1008.0 
1977.06     1000.7 
1977.07     1009.8 
1977.08     1003.9 
1977.09     1005.9 
1977.10     1017.8 
1977.11     1030.9 
1977.12     1024.4 
1978.01     1017.0 
1978.02     1030.4 
1978.03     1042.2 
1978.04     1036.5 
1978.05     1041.0 
1978.06     1044.2 
1978.07     1043.7 
1978.08     1048.0 
1978.09     1059.2 
1978.10     1052.2 
1978.11     1062.5 
1978.12     1071.7 
1979.01     1062.7 
1979.02     1065.6 
1979.03     1071.7 
1979.04     1054.1 
1979.05     1059.3 
1979.06     1071.4 
1979.07     1058.8 
1979.08     1075.0 
1979.09     1078.5 
1979.10     1075.1 
1979.11     1085.1 
1979.12     1078.9 
1980.01     1082.7 
1980.02     1076.1 
1980.03     1069.7 
1980.04     1065.1 
1980.05     1062.3 
1980.06     1057.8 
1980.07     1056.8 
1980.08     1062.7 
1980.09     1056.4 
1980.10     1064.2 
1980.11     1059.1 
1980.12     1068.1 
1981.01     1079.6 
1981.02     1071.0 
1981.03     1069.4 
1981.04     1074.0 
1981.05     1072.3 
1981.06     1079.3 
1981.07     1073.8 
1981.08     1074.9 
1981.09     1073.4 
1981.10     1074.7 
1981.11     1070.9 
1981.12     1078.3 
1982.01     1069.9 
1982.02     1081.9 
1982.03     1074.8 
1982.04     1080.4 
1982.05     1077.4 
1982.06     1069.8 
1982.07     1084.5 
1982.08     1077.8 
1982.09     1080.3 
1982.10     1090.1 
1982.11     1086.7 
1982.12     1094.0 
1983.01     1091.6 
1983.02     1090.6 
1983.03     1104.2 
1983.04     1097.7 
1983.05     1102.9 
1983.06     1113.6 
1983.07     1119.4 
1983.08     1118.1 
1983.09     1122.5 
1983.10     1126.3 
1983.11     1132.6 
1983.12     1129.5 
1984.01     1146.0 
1984.02     1128.5 
1984.03     1132.5 
1984.04     1145.1 
1984.05     1150.0 
1984.06     1166.4 
1984.07     1151.8 
1984.08     1153.1 
1984.09     1164.4 
1984.10     1152.3 
1984.11     1167.5 
1984.12     1163.7 
1985.01     1163.3 
1985.02     1172.6 
1985.03     1167.1 
1985.04     1177.0 
1985.05     1177.8 
1985.06     1170.2 
1985.07     1174.6 
1985.08     1182.4 
1985.09     1187.4 
1985.10     1185.7 
1985.11     1192.8 
1985.12     1189.3 
1986.01     1198.3 
1986.02     1197.5 
1986.03     1216.3 
1986.04     1210.3 
1986.05     1218.2 
1986.06     1217.9 
1986.07     1219.0 
1986.08     1215.2 
1986.09     1216.7 
1986.10     1227.8 
1986.11     1221.3 
1986.12     1231.8 
1987.01     1221.3 
1987.02     1244.6 
1987.03     1234.2 
1987.04     1239.2 
1987.05     1241.6 
1987.06     1241.0 
1987.07     1239.6 
1987.08     1241.4 
1987.09     1238.5 
1987.10     1238.9 
1987.11     1241.1 
1987.12     1249.7 
1988.01     1247.5 
1988.02     1248.3 
1988.03     1268.8 
1988.04     1261.8 
1988.05     1268.9 
1988.06     1269.6 
1988.07     1274.3 
1988.08     1283.7 
1988.09     1285.0 
1988.10     1292.5 
1988.11     1298.5 
1988.12     1293.5 
1989.01     1304.9 
1989.02     1292.6 
1989.03     1288.4 
1989.04     1291.5 
1989.05     1296.0 
1989.06     1299.3 
1989.07     1299.1 
1989.08     1309.3 
1989.09     1316.2 
1989.10     1309.4 
1989.11     1311.7 
1989.12     1323.8 
1990.01     1312.7 
1990.02     1322.2 
1990.03     1322.5 
1990.04     1317.2 
1990.05     1310.3 
1990.06     1323.2 
1990.07     1322.7 
1990.08     1321.4 
1990.09     1315.4 
1990.10     1310.0 
1990.11     1313.4 
1990.12     1301.8 
1991.01     1293.2 
1991.02     1298.9 
1991.03     1309.9 
1991.04     1304.4 
1991.05     1312.0 
1991.06     1307.8 
1991.07     1313.0 
1991.08     1305.8 
1991.09     1302.5 
1991.10     1295.0 
1991.11     1296.3 
1991.12     1295.8 
1992.01     1317.5 
1992.02     1315.5 
1992.03     1310.1 
1992.04     1310.8 
1992.05     1316.0 
1992.06     1309.2 
1992.07     1314.7 
1992.08     1324.4 
1992.09     1324.3 
1992.10     1336.1 
1992.11     1340.2 
1992.12     1343.1 
1993.01     1346.1 
1993.02     1342.6 
1993.03     1323.8 
1993.04     1345.5 
1993.05     1347.0 
1993.06     1350.9 
1993.07     1355.6 
1993.08     1354.0 
1993.09     1360.8 
1993.10     1360.7 
1993.11     1361.0 
1993.12     1363.6 
1994.01     1360.4 
1994.02     1381.8 
1994.03     1392.8 
1994.04     1379.9 
1994.05     1385.6 
1994.06     1390.9 
1994.07     1389.5 
1994.08     1395.1 
1994.09     1394.9 
1994.10     1401.3 
1994.11     1403.5 
1994.12     1402.6 
1995.01     1420.5 
1995.02     1400.5 
1995.03     1404.0 
1995.04     1406.1 
1995.05     1412.9 
1995.06     1415.7 
1995.07     1411.8 
1995.08     1413.1 
1995.09     1416.9 
1995.10     1407.8 
1995.11     1417.6 
1995.12     1423.7 
1996.01     1416.7 
1996.02     1427.4 
1996.03     1423.4 
1996.04     1431.4 
1996.05     1432.9 
1996.06     1430.5 
1996.07     1432.7 
1996.08     1431.6 
1996.09     1437.5 
1996.10     1443.7 
1996.11     1439.3 
1996.12     1440.7 
1997.01     1456.0 
1997.02     1458.1 
1997.03     1459.2 
1997.04     1446.3 
1997.05     1449.0 
1997.06     1453.0 
1997.07     1459.1 
