pcesc92 -- Personal Consumption Expenditures: Services (SAAR, Bil.Chn.1992$)          

   DATE    PCESC92

1959.01      667.0
1959.02      670.8
1959.03      674.9
1959.04      678.8
1959.05      683.3
1959.06      686.9
1959.07      689.9
1959.08      692.9
1959.09      696.0
1959.10      699.4
1959.11      703.0
1959.12      705.5
1960.01      708.8
1960.02      710.6
1960.03      713.6
1960.04      716.2
1960.05      718.0
1960.06      717.7
1960.07      716.8
1960.08      716.5
1960.09      718.1
1960.10      721.8
1960.11      724.4
1960.12      726.5
1961.01      728.4
1961.02      730.4
1961.03      735.7
1961.04      741.0
1961.05      746.2
1961.06      747.0
1961.07      746.6
1961.08      746.9
1961.09      751.6
1961.10      756.8
1961.11      762.3
1961.12      765.4
1962.01      766.2
1962.02      767.7
1962.03      771.9
1962.04      776.7
1962.05      781.2
1962.06      783.6
1962.07      785.3
1962.08      787.1
1962.09      790.4
1962.10      794.3
1962.11      797.4
1962.12      799.3
1963.01      799.1
1963.02      800.9
1963.03      803.6
1963.04      806.4
1963.05      808.9
1963.06      815.1
1963.07      821.0
1963.08      826.5
1963.09      830.6
1963.10      833.7
1963.11      837.1
1963.12      841.1
1964.01      846.5
1964.02      850.1
1964.03      854.5
1964.04      858.7
1964.05      862.4
1964.06      866.5
1964.07      870.6
1964.08      874.1
1964.09      878.6
1964.10      882.5
1964.11      886.8
1964.12      889.5
1965.01      891.5
1965.02      893.9
1965.03      898.3
1965.04      903.1
1965.05      907.2
1965.06      912.2
1965.07      915.1
1965.08      919.2
1965.09      925.1
1965.10      931.4
1965.11      937.2
1965.12      940.3
1966.01      942.3
1966.02      944.0
1966.03      949.3
1966.04      952.8
1966.05      957.6
1966.06      960.0
1966.07      962.0
1966.08      964.6
1966.09      968.5
1966.10      972.2
1966.11      976.9
1966.12      981.5
1967.01      985.6
1967.02      989.4
1967.03      994.2
1967.04      997.9
1967.05     1001.8
1967.06     1006.3
1967.07     1011.2
1967.08     1016.7
1967.09     1018.8
1967.10     1020.1
1967.11     1022.5
1967.12     1026.3
1968.01     1034.8
1968.02     1033.2
1968.03     1040.6
1968.04     1046.9
1968.05     1051.6
1968.06     1062.4
1968.07     1063.8
1968.08     1066.3
1968.09     1072.1
1968.10     1075.7
1968.11     1080.8
1968.12     1086.3
1969.01     1088.3
1969.02     1094.3
1969.03     1094.8
1969.04     1097.5
1969.05     1106.4
1969.06     1108.6
1969.07     1110.0
1969.08     1115.6
1969.09     1120.8
1969.10     1127.8
1969.11     1131.3
1969.12     1133.5
1970.01     1138.1
1970.02     1146.6
1970.03     1140.7
1970.04     1144.7
1970.05     1147.9
1970.06     1152.5
1970.07     1156.4
1970.08     1161.2
1970.09     1168.0
1970.10     1167.1
1970.11     1167.6
1970.12     1174.6
1971.01     1174.4
1971.02     1181.4
1971.03     1183.3
1971.04     1187.6
1971.05     1191.7
1971.06     1193.6
1971.07     1196.6
1971.08     1200.5
1971.09     1206.9
1971.10     1213.1
1971.11     1216.2
1971.12     1229.1
1972.01     1233.6
1972.02     1236.2
1972.03     1247.5
1972.04     1251.8
1972.05     1249.3
1972.06     1255.1
1972.07     1262.4
1972.08     1268.3
1972.09     1271.6
1972.10     1283.2
1972.11     1292.1
1972.12     1298.3
1973.01     1298.4
1973.02     1302.8
1973.03     1306.9
1973.04     1309.2
1973.05     1316.8
1973.06     1323.4
1973.07     1321.3
1973.08     1322.4
1973.09     1332.3
1973.10     1332.2
1973.11     1335.8
1973.12     1331.1
1974.01     1335.5
1974.02     1334.5
1974.03     1337.8
1974.04     1343.7
1974.05     1348.5
1974.06     1352.4
1974.07     1352.7
1974.08     1353.6
1974.09     1357.2
1974.10     1365.8
1974.11     1360.4
1974.12     1372.1
1975.01     1369.7
1975.02     1379.3
1975.03     1383.7
1975.04     1391.5
1975.05     1396.0
1975.06     1398.0
1975.07     1401.6
1975.08     1403.1
1975.09     1402.8
1975.10     1415.4
1975.11     1413.0
1975.12     1425.5
1976.01     1434.8
1976.02     1432.8
1976.03     1440.6
1976.04     1443.4
1976.05     1444.7
1976.06     1449.0
1976.07     1455.9
1976.08     1460.6
1976.09     1468.7
1976.10     1472.0
1976.11     1487.0
1976.12     1495.2
1977.01     1499.1
1977.02     1498.2
1977.03     1494.3
1977.04     1497.1
1977.05     1505.9
1977.06     1511.3
1977.07     1524.0
1977.08     1526.2
1977.09     1531.2
1977.10     1542.3
1977.11     1538.9
1977.12     1549.5
1978.01     1553.7
1978.02     1567.6
1978.03     1574.9
1978.04     1582.0
1978.05     1585.7
1978.06     1595.1
1978.07     1589.0
1978.08     1601.4
1978.09     1605.1
1978.10     1605.4
1978.11     1602.8
1978.12     1609.0
1979.01     1619.9
1979.02     1629.3
1979.03     1625.8
1979.04     1636.2
1979.05     1634.3
1979.06     1639.9
1979.07     1637.2
1979.08     1644.6
1979.09     1642.6
1979.10     1655.9
1979.11     1656.6
1979.12     1655.9
1980.01     1663.7
1980.02     1661.5
1980.03     1663.8
1980.04     1651.2
1980.05     1648.4
1980.06     1659.4
1980.07     1667.3
1980.08     1671.8
1980.09     1679.3
1980.10     1690.7
1980.11     1687.3
1980.12     1703.9
1981.01     1684.7
1981.02     1677.2
1981.03     1684.4
1981.04     1686.3
1981.05     1696.1
1981.06     1710.5
1981.07     1704.0
1981.08     1699.4
1981.09     1698.9
1981.10     1701.8
1981.11     1699.4
1981.12     1710.6
1982.01     1706.9
1982.02     1709.8
1982.03     1715.4
1982.04     1718.8
1982.05     1713.1
1982.06     1722.3
1982.07     1721.7
1982.08     1730.1
1982.09     1736.1
1982.10     1750.0
1982.11     1756.3
1982.12     1757.6
1983.01     1767.4
1983.02     1768.7
1983.03     1784.2
1983.04     1797.3
1983.05     1800.3
1983.06     1807.1
1983.07     1812.9
1983.08     1822.1
1983.09     1822.2
1983.10     1831.7
1983.11     1833.6
1983.12     1860.0
1984.01     1858.6
1984.02     1842.1
1984.03     1864.8
1984.04     1867.0
1984.05     1872.8
1984.06     1871.8
1984.07     1879.0
1984.08     1893.7
1984.09     1899.9
1984.10     1904.5
1984.11     1918.5
1984.12     1923.5
1985.01     1943.6
1985.02     1951.3
1985.03     1940.8
1985.04     1950.2
1985.05     1964.7
1985.06     1973.6
1985.07     1982.6
1985.08     1991.0
1985.09     1994.3
1985.10     1999.7
1985.11     2002.7
1985.12     2033.0
1986.01     2015.1
1986.02     2022.0
1986.03     2023.4
1986.04     2025.3
1986.05     2028.4
1986.06     2037.8
1986.07     2044.3
1986.08     2042.1
1986.09     2054.7
1986.10     2054.4
1986.11     2068.7
1986.12     2080.4
1987.01     2086.3
1987.02     2096.6
1987.03     2108.0
1987.04     2114.1
1987.05     2117.6
1987.06     2123.9
1987.07     2135.5
1987.08     2143.1
1987.09     2135.4
1987.10     2155.0
1987.11     2149.2
1987.12     2158.1
1988.01     2182.1
1988.02     2183.4
1988.03     2192.0
1988.04     2192.5
1988.05     2199.8
1988.06     2208.9
1988.07     2221.5
1988.08     2230.1
1988.09     2222.2
1988.10     2238.3
1988.11     2236.7
1988.12     2241.7
1989.01     2236.9
1989.02     2255.6
1989.03     2248.4
1989.04     2249.9
1989.05     2252.8
1989.06     2253.8
1989.07     2259.8
1989.08     2265.1
1989.09     2268.3
1989.10     2279.9
1989.11     2279.5
1989.12     2297.9
1990.01     2287.4
1990.02     2295.4
1990.03     2304.4
1990.04     2313.4
1990.05     2322.0
1990.06     2328.0
1990.07     2332.8
1990.08     2341.3
1990.09     2337.8
1990.10     2335.4
1990.11     2326.8
1990.12     2331.5
1991.01     2323.9
1991.02     2323.7
1991.03     2328.3
1991.04     2338.4
1991.05     2344.0
1991.06     2342.1
1991.07     2345.9
1991.08     2343.2
1991.09     2345.9
1991.10     2343.4
1991.11     2354.6
1991.12     2358.1
1992.01     2375.5
1992.02     2375.8
1992.03     2398.5
1992.04     2399.3
1992.05     2401.3
1992.06     2409.1
1992.07     2418.2
1992.08     2390.9
1992.09     2431.7
1992.10     2427.2
1992.11     2441.9
1992.12     2443.7
1993.01     2435.0
1993.02     2454.3
1993.03     2446.7
1993.04     2451.8
1993.05     2449.2
1993.06     2466.6
1993.07     2471.1
1993.08     2481.7
1993.09     2487.3
1993.10     2488.6
1993.11     2493.0
1993.12     2501.5
1994.01     2497.2
1994.02     2521.5
1994.03     2513.9
1994.04     2520.8
1994.05     2533.5
1994.06     2539.7
1994.07     2535.7
1994.08     2546.4
1994.09     2549.3
1994.10     2554.2
1994.11     2553.6
1994.12     2559.9
1995.01     2561.0
1995.02     2576.7
1995.03     2576.1
1995.04     2583.9
1995.05     2591.3
1995.06     2608.3
1995.07     2602.2
1995.08     2614.8
1995.09     2609.2
1995.10     2611.6
1995.11     2626.4
1995.12     2633.4
1996.01     2640.5
1996.02     2646.0
1996.03     2652.8
1996.04     2661.2
1996.05     2669.0
1996.06     2669.2
1996.07     2674.5
1996.08     2670.0
1996.09     2673.9
1996.10     2686.1
1996.11     2694.7
1996.12     2714.0
1997.01     2724.2
1997.02     2723.2
1997.03     2724.2
1997.04     2748.6
1997.05     2753.3
1997.06     2750.8
1997.07     2762.1
