pces -- Personal Consumption Expenditures: Services (SAAR, Bil.$)                  

   DATE     PCES

1959.01     122.0
1959.02     122.8
1959.03     123.7
1959.04     124.6
1959.05     125.5
1959.06     126.5
1959.07     127.4
1959.08     128.4
1959.09     129.4
1959.10     130.3
1959.11     131.2
1959.12     131.9
1960.01     132.5
1960.02     133.2
1960.03     134.0
1960.04     134.9
1960.05     135.7
1960.06     135.9
1960.07     136.1
1960.08     136.3
1960.09     137.0
1960.10     138.0
1960.11     138.8
1960.12     139.4
1961.01     139.9
1961.02     140.4
1961.03     141.5
1961.04     142.8
1961.05     143.9
1961.06     144.3
1961.07     144.4
1961.08     144.6
1961.09     145.7
1961.10     146.9
1961.11     148.1
1961.12     148.8
1962.01     148.8
1962.02     149.4
1962.03     150.5
1962.04     151.8
1962.05     153.1
1962.06     153.9
1962.07     154.3
1962.08     154.9
1962.09     155.8
1962.10     156.7
1962.11     157.6
1962.12     158.1
1963.01     158.2
1963.02     158.7
1963.03     159.4
1963.04     160.1
1963.05     160.9
1963.06     162.3
1963.07     163.7
1963.08     165.1
1963.09     166.1
1963.10     167.1
1963.11     168.0
1963.12     169.0
1964.01     170.2
1964.02     171.2
1964.03     172.3
1964.04     173.3
1964.05     174.4
1964.06     175.5
1964.07     176.6
1964.08     177.7
1964.09     178.9
1964.10     180.1
1964.11     181.2
1964.12     182.1
1965.01     182.8
1965.02     183.6
1965.03     184.8
1965.04     186.1
1965.05     187.4
1965.06     188.6
1965.07     189.7
1965.08     190.9
1965.09     192.5
1965.10     194.2
1965.11     195.9
1965.12     197.0
1966.01     197.7
1966.02     198.5
1966.03     199.9
1966.04     201.4
1966.05     202.9
1966.06     204.2
1966.07     205.3
1966.08     206.4
1966.09     208.0
1966.10     209.6
1966.11     211.3
1966.12     212.7
1967.01     213.9
1967.02     215.3
1967.03     216.7
1967.04     218.1
1967.05     219.5
1967.06     221.2
1967.07     222.9
1967.08     224.7
1967.09     225.9
1967.10     227.0
1967.11     228.2
1967.12     229.9
1968.01     232.8
1968.02     233.6
1968.03     236.4
1968.04     238.6
1968.05     240.3
1968.06     243.7
1968.07     244.7
1968.08     246.2
1968.09     248.2
1968.10     249.9
1968.11     251.9
1968.12     253.9
1969.01     255.2
1969.02     257.2
1969.03     258.3
1969.04     259.9
1969.05     263.0
1969.06     264.3
1969.07     265.6
1969.08     267.8
1969.09     270.3
1969.10     273.0
1969.11     275.1
1969.12     276.9
1970.01     279.5
1970.02     282.4
1970.03     282.2
1970.04     284.5
1970.05     286.6
1970.06     289.4
1970.07     291.8
1970.08     294.4
1970.09     297.7
1970.10     299.2
1970.11     301.1
1970.12     304.6
1971.01     305.8
1971.02     308.9
1971.03     311.0
1971.04     313.7
1971.05     316.3
1971.06     318.5
1971.07     321.0
1971.08     323.7
1971.09     326.5
1971.10     329.1
1971.11     331.0
1971.12     336.0
1972.01     338.4
1972.02     340.5
1972.03     344.5
1972.04     346.5
1972.05     346.6
1972.06     349.4
1972.07     352.6
1972.08     355.6
1972.09     357.4
1972.10     361.8
1972.11     365.6
1972.12     368.6
1973.01     369.0
1973.02     371.5
1973.03     374.4
1973.04     377.4
1973.05     380.7
1973.06     384.8
1973.07     386.1
1973.08     388.5
1973.09     393.6
1973.10     395.1
1973.11     398.1
1973.12     399.7
1974.01     403.0
1974.02     405.8
1974.03     410.2
1974.04     414.3
1974.05     419.4
1974.06     423.5
1974.07     425.7
1974.08     429.4
1974.09     433.9
1974.10     439.2
1974.11     440.5
1974.12     447.5
1975.01     450.0
1975.02     456.0
1975.03     459.5
1975.04     464.2
1975.05     468.7
1975.06     472.9
1975.07     477.8
1975.08     480.3
1975.09     483.8
1975.10     490.8
1975.11     494.2
1975.12     502.0
1976.01     507.9
1976.02     509.6
1976.03     514.8
1976.04     517.8
1976.05     520.9
1976.06     525.5
1976.07     531.5
1976.08     537.6
1976.09     544.0
1976.10     548.4
1976.11     557.9
1976.12     565.6
1977.01     570.2
1977.02     573.8
1977.03     576.3
1977.04     581.7
1977.05     588.6
1977.06     594.6
1977.07     603.9
1977.08     608.4
1977.09     614.0
1977.10     621.7
1977.11     624.0
1977.12     630.9
1978.01     638.3
1978.02     648.5
1978.03     655.6
1978.04     663.6
1978.05     669.7
1978.06     677.8
1978.07     679.3
1978.08     688.7
1978.09     695.0
1978.10     700.5
1978.11     702.6
1978.12     709.0
1979.01     719.4
1979.02     726.6
1979.03     728.2
1979.04     737.6
1979.05     743.2
1979.06     751.0
1979.07     755.3
1979.08     764.7
1979.09     771.0
1979.10     784.1
1979.11     789.8
1979.12     796.3
1980.01     806.5
1980.02     814.3
1980.03     822.8
1980.04     822.7
1980.05     830.3
1980.06     842.1
1980.07     853.8
1980.08     862.8
1980.09     874.1
1980.10     887.8
1980.11     893.2
1980.12     906.9
1981.01     906.6
1981.02     910.1
1981.03     921.1
1981.04     927.7
1981.05     939.9
1981.06     954.1
1981.07     959.1
1981.08     965.6
1981.09     974.9
1981.10     982.7
1981.11     989.3
1981.12    1000.5
1982.01    1006.6
1982.02    1012.1
1982.03    1019.6
1982.04    1026.3
1982.05    1030.0
1982.06    1041.7
1982.07    1049.9
1982.08    1061.2
1982.09    1071.2
1982.10    1088.9
1982.11    1098.5
1982.12    1102.6
1983.01    1117.8
1983.02    1122.9
1983.03    1134.7
1983.04    1151.5
1983.05    1158.5
1983.06    1168.3
1983.07    1178.2
1983.08    1189.9
1983.09    1197.3
1983.10    1208.9
1983.11    1216.2
1983.12    1235.5
1984.01    1238.9
1984.02    1233.5
1984.03    1253.7
1984.04    1261.3
1984.05    1269.8
1984.06    1274.3
1984.07    1284.1
1984.08    1299.6
1984.09    1307.5
1984.10    1315.5
1984.11    1328.9
1984.12    1336.7
1985.01    1357.6
1985.02    1368.9
1985.03    1367.7
1985.04    1379.0
1985.05    1398.1
1985.06    1410.6
1985.07    1422.1
1985.08    1434.8
1985.09    1444.5
1985.10    1454.5
1985.11    1463.8
1985.12    1492.0
1986.01    1486.6
1986.02    1498.2
1986.03    1505.8
1986.04    1513.0
1986.05    1519.1
1986.06    1532.4
1986.07    1541.1
1986.08    1543.8
1986.09    1561.0
1986.10    1567.1
1986.11    1582.1
1986.12    1591.3
1987.01    1603.6
1987.02    1615.0
1987.03    1627.1
1987.04    1637.0
1987.05    1645.5
1987.06    1655.0
1987.07    1668.2
1987.08    1682.8
1987.09    1685.7
1987.10    1710.7
1987.11    1712.3
1987.12    1723.0
1988.01    1748.6
1988.02    1755.1
1988.03    1768.9
1988.04    1777.9
1988.05    1793.7
1988.06    1811.0
1988.07    1829.7
1988.08    1845.6
1988.09    1848.2
1988.10    1870.5
1988.11    1875.3
1988.12    1887.1
1989.01    1895.1
1989.02    1918.2
1989.03    1920.9
1989.04    1929.2
1989.05    1938.7
1989.06    1944.8
1989.07    1957.4
1989.08    1969.1
1989.09    1980.8
1989.10    2001.0
1989.11    2008.3
1989.12    2034.1
1990.01    2028.4
1990.02    2042.3
1990.03    2065.0
1990.04    2086.1
1990.05    2104.2
1990.06    2122.1
1990.07    2133.8
1990.08    2154.6
1990.09    2160.9
1990.10    2168.7
1990.11    2167.6
1990.12    2176.7
1991.01    2183.0
1991.02    2193.3
1991.03    2204.1
1991.04    2217.8
1991.05    2231.8
1991.06    2236.2
1991.07    2247.8
1991.08    2254.1
1991.09    2266.9
1991.10    2272.3
1991.11    2293.1
1991.12    2306.8
1992.01    2335.0
1992.02    2342.9
1992.03    2373.3
1992.04    2383.8
1992.05    2391.4
1992.06    2404.7
1992.07    2425.9
1992.08    2386.3
1992.09    2448.1
1992.10    2457.3
1992.11    2478.3
1992.12    2486.2
1993.01    2486.3
1993.02    2514.0
1993.03    2513.4
1993.04    2527.8
1993.05    2531.1
1993.06    2554.0
1993.07    2562.2
1993.08    2578.3
1993.09    2591.8
1993.10    2603.0
1993.11    2612.8
1993.12    2625.6
1994.01    2624.0
1994.02    2660.9
1994.03    2662.1
1994.04    2676.4
1994.05    2693.5
1994.06    2706.6
1994.07    2709.9
1994.08    2731.4
1994.09    2742.2
1994.10    2759.8
1994.11    2766.1
1994.12    2775.9
1995.01    2793.2
1995.02    2818.4
1995.03    2824.8
1995.04    2842.1
1995.05    2855.9
1995.06    2880.7
1995.07    2880.3
1995.08    2903.9
1995.09    2898.4
1995.10    2909.1
1995.11    2930.3
1995.12    2943.1
1996.01    2955.2
1996.02    2972.8
1996.03    2984.9
1996.04    3003.9
1996.05    3021.1
1996.06    3029.6
1996.07    3048.9
1996.08    3051.9
1996.09    3063.0
1996.10    3088.8
1996.11    3106.2
1996.12    3134.5
1997.01    3151.1
1997.02    3160.9
1997.03    3167.8
1997.04    3202.7
1997.05    3211.4
1997.06    3217.1
1997.07    3237.0
