pi -- Personal Income (SAAR, Bil.$)                                              

   DATE      PI

1946.01     169.2
1946.02     168.8
1946.03     172.0
1946.04     173.5
1946.05     175.1
1946.06     176.7
1946.07     181.4
1946.08     182.5
1946.09     179.0
1946.10     183.1
1946.11     183.6
1946.12     185.8
1947.01     186.6
1947.02     186.7
1947.03     186.6
1947.04     183.6
1947.05     184.0
1947.06     186.8
1947.07     187.1
1947.08     188.3
1947.09     203.1
1947.10     195.1
1947.11     195.7
1947.12     197.7
1948.01     201.4
1948.02     201.0
1948.03     204.2
1948.04     205.1
1948.05     206.9
1948.06     210.9
1948.07     211.5
1948.08     213.9
1948.09     214.1
1948.10     214.9
1948.11     213.5
1948.12     210.8
1949.01     207.5
1949.02     206.6
1949.03     207.7
1949.04     206.8
1949.05     206.3
1949.06     204.6
1949.07     203.0
1949.08     204.7
1949.09     208.0
1949.10     204.3
1949.11     206.8
1949.12     208.1
1950.01     216.6
1950.02     219.7
1950.03     224.9
1950.04     220.4
1950.05     221.0
1950.06     222.1
1950.07     226.4
1950.08     230.6
1950.09     232.8
1950.10     236.2
1950.11     238.5
1950.12     244.1
1951.01     245.5
1951.02     248.2
1951.03     250.9
1951.04     253.7
1951.05     255.1
1951.06     256.9
1951.07     256.5
1951.08     259.6
1951.09     260.1
1951.10     263.1
1951.11     264.0
1951.12     265.1
1952.01     263.3
1952.02     267.2
1952.03     267.7
1952.04     267.2
1952.05     270.1
1952.06     271.6
1952.07     270.5
1952.08     278.0
1952.09     280.9
1952.10     282.2
1952.11     281.6
1952.12     283.8
1953.01     284.8
1953.02     286.9
1953.03     289.7
1953.04     290.1
1953.05     291.5
1953.06     292.3
1953.07     291.9
1953.08     291.3
1953.09     291.5
1953.10     293.0
1953.11     291.3
1953.12     290.6
1954.01     290.7
1954.02     291.8
1954.03     290.9
1954.04     289.6
1954.05     290.4
1954.06     290.6
1954.07     291.0
1954.08     292.5
1954.09     294.2
1954.10     296.2
1954.11     299.0
1954.12     300.1
1955.01     301.9
1955.02     303.8
1955.03     306.3
1955.04     309.3
1955.05     311.8
1955.06     312.8
1955.07     317.7
1955.08     318.0
1955.09     320.2
1955.10     321.6
1955.11     323.9
1955.12     326.1
1956.01     327.0
1956.02     328.9
1956.03     330.4
1956.04     333.7
1956.05     334.5
1956.06     336.8
1956.07     335.8
1956.08     340.3
1956.09     342.7
1956.10     346.2
1956.11     346.3
1956.12     348.2
1957.01     348.2
1957.02     351.4
1957.03     352.8
1957.04     353.4
1957.05     355.2
1957.06     357.9
1957.07     359.4
1957.08     360.9
1957.09     359.9
1957.10     360.0
1957.11     360.4
1957.12     359.6
1958.01     359.5
1958.02     359.1
1958.03     361.0
1958.04     360.4
1958.05     361.8
1958.06     363.8
1958.07     370.2
1958.08     370.0
1958.09     372.0
1958.10     372.7
1958.11     377.2
1958.12     379.0
1959.01     382.9
1959.02     385.2
1959.03     388.3
1959.04     391.3
1959.05     394.1
1959.06     396.7
1959.07     396.8
1959.08     395.1
1959.09     396.4
1959.10     398.0
1959.11     401.4
1959.12     405.8
1960.01     407.0
1960.02     407.5
1960.03     408.3
1960.04     411.2
1960.05     412.6
1960.06     412.9
1960.07     413.8
1960.08     414.2
1960.09     415.2
1960.10     416.9
1960.11     416.5
1960.12     414.3
1961.01     417.9
1961.02     420.0
1961.03     421.3
1961.04     421.9
1961.05     425.2
1961.06     429.7
1961.07     432.0
1961.08     432.6
1961.09     433.8
1961.10     438.0
1961.11     442.2
1961.12     444.7
1962.01     444.0
1962.02     447.0
1962.03     450.7
1962.04     453.5
1962.05     454.7
1962.06     456.4
1962.07     458.3
1962.08     459.7
1962.09     462.1
1962.10     463.4
1962.11     465.9
1962.12     467.8
1963.01     471.6
1963.02     469.1
1963.03     470.7
1963.04     472.2
1963.05     474.9
1963.06     479.0
1963.07     479.8
1963.08     482.4
1963.09     485.4
1963.10     489.3
1963.11     490.7
1963.12     495.4
1964.01     498.3
1964.02     500.7
1964.03     503.2
1964.04     506.5
1964.05     509.6
1964.06     512.3
1964.07     515.4
1964.08     519.7
1964.09     522.8
1964.10     523.8
1964.11     527.6
1964.12     533.8
1965.01     537.4
1965.02     537.7
1965.03     540.9
1965.04     544.6
1965.05     548.9
1965.06     552.2
1965.07     556.2
1965.08     558.8
1965.09     573.9
1965.10     571.4
1965.11     576.7
1965.12     581.7
1966.01     583.6
1966.02     588.6
1966.03     592.7
1966.04     594.5
1966.05     597.3
1966.06     602.1
1966.07     606.1
1966.08     611.5
1966.09     617.0
1966.10     621.5
1966.11     626.4
1966.12     627.8
1967.01     633.7
1967.02     634.9
1967.03     639.2
1967.04     639.8
1967.05     642.3
1967.06     647.0
1967.07     652.7
1967.08     657.5
1967.09     659.6
1967.10     661.1
1967.11     667.0
1967.12     674.0
1968.01     679.0
1968.02     686.7
1968.03     694.9
1968.04     700.6
1968.05     707.1
1968.06     712.6
1968.07     719.1
1968.08     725.0
1968.09     730.1
1968.10     735.1
1968.11     740.1
1968.12     744.2
1969.01     746.8
1969.02     752.5
1969.03     759.4
1969.04     765.2
1969.05     770.8
1969.06     776.5
1969.07     783.8
1969.08     790.4
1969.09     795.2
1969.10     799.7
1969.11     803.0
1969.12     808.1
1970.01     809.6
1970.02     814.0
1970.03     818.3
1970.04     836.6
1970.05     833.1
1970.06     833.7
1970.07     840.7
1970.08     845.3
1970.09     850.8
1970.10     850.8
1970.11     852.9
1970.12     859.4
1971.01     868.4
1971.02     871.8
1971.03     878.1
1971.04     884.1
1971.05     890.7
1971.06     911.4
1971.07     902.1
1971.08     909.2
1971.09     913.2
1971.10     916.2
1971.11     923.5
1971.12     933.6
1972.01     942.6
1972.02     954.2
1972.03     960.6
1972.04     967.1
1972.05     972.6
1972.06     966.3
1972.07     984.6
1972.08     998.0
1972.09    1005.9
1972.10    1026.0
1972.11    1040.0
1972.12    1048.0
1973.01    1051.2
1973.02    1061.6
1973.03    1070.6
1973.04    1078.9
1973.05    1091.5
1973.06    1100.4
1973.07    1106.5
1973.08    1117.3
1973.09    1130.0
1973.10    1149.1
1973.11    1163.0
1973.12    1170.3
1974.01    1171.1
1974.02    1176.3
1974.03    1180.8
1974.04    1185.5
1974.05    1199.3
1974.06    1209.9
1974.07    1227.5
1974.08    1234.6
1974.09    1243.5
1974.10    1253.5
1974.11    1251.5
1974.12    1257.6
1975.01    1262.1
1975.02    1267.7
1975.03    1272.3
1975.04    1279.0
1975.05    1291.7
1975.06    1323.2
1975.07    1321.0
1975.08    1337.8
1975.09    1349.3
1975.10    1364.6
1975.11    1374.4
1975.12    1384.7
1976.01    1401.2
1976.02    1412.3
1976.03    1419.6
1976.04    1429.9
1976.05    1439.3
1976.06    1446.7
1976.07    1464.2
1976.08    1476.1
1976.09    1486.0
1976.10    1493.7
1976.11    1515.2
1976.12    1528.6
1977.01    1533.8
1977.02    1550.8
1977.03    1565.4
1977.04    1577.3
1977.05    1590.1
1977.06    1600.8
1977.07    1620.5
1977.08    1634.2
1977.09    1650.3
1977.10    1669.6
1977.11    1692.7
1977.12    1707.9
1978.01    1714.5
1978.02    1731.8
1978.03    1756.0
1978.04    1782.2
1978.05    1799.3
1978.06    1818.3
1978.07    1837.1
1978.08    1854.9
1978.09    1870.3
1978.10    1897.5
1978.11    1914.0
1978.12    1934.7
1979.01    1953.0
1979.02    1970.6
1979.03    1994.1
1979.04    2000.0
1979.05    2018.0
1979.06    2035.4
1979.07    2066.6
1979.08    2085.3
1979.09    2100.8
1979.10    2125.1
1979.11    2147.7
1979.12    2173.5
1980.01    2203.4
1980.02    2216.7
1980.03    2228.4
1980.04    2225.1
1980.05    2232.1
1980.06    2249.4
1980.07    2284.9
1980.08    2307.0
1980.09    2338.0
1980.10    2380.3
1980.11    2409.9
1980.12    2440.4
1981.01    2464.2
1981.02    2481.7
1981.03    2504.9
1981.04    2503.4
1981.05    2519.7
1981.06    2543.0
1981.07    2599.2
1981.08    2625.3
1981.09    2637.8
1981.10    2639.7
1981.11    2652.0
1981.12    2651.1
1982.01    2649.7
1982.02    2665.9
1982.03    2674.3
1982.04    2705.5
1982.05    2724.2
1982.06    2730.3
1982.07    2736.5
1982.08    2742.3
1982.09    2747.2
1982.10    2768.1
1982.11    2785.3
1982.12    2797.1
1983.01    2795.8
1983.02    2800.6
1983.03    2820.2
1983.04    2844.9
1983.05    2874.8
1983.06    2887.1
1983.07    2909.8
1983.08    2911.7
1983.09    2945.0
1983.10    2977.4
1983.11    3005.7
1983.12    3036.9
1984.01    3066.3
1984.02    3104.1
1984.03    3132.9
1984.04    3167.1
1984.05    3177.8
1984.06    3209.7
1984.07    3234.2
1984.08    3266.7
1984.09    3297.5
1984.10    3286.6
1984.11    3312.3
1984.12    3328.7
1985.01    3358.2
1985.02    3376.0
1985.03    3401.2
1985.04    3404.6
1985.05    3416.9
1985.06    3438.3
1985.07    3451.6
1985.08    3465.5
1985.09    3480.4
1985.10    3515.2
1985.11    3525.2
1985.12    3564.4
1986.01    3580.0
1986.02    3594.6
1986.03    3618.1
1986.04    3617.6
1986.05    3630.2
1986.06    3647.2
1986.07    3669.8
1986.08    3684.7
1986.09    3700.2
1986.10    3702.7
1986.11    3716.5
1986.12    3739.4
1987.01    3759.5
1987.02    3789.0
1987.03    3809.4
1987.04    3821.4
1987.05    3853.7
1987.06    3865.7
1987.07    3877.8
1987.08    3913.0
1987.09    3932.0
1987.10    3981.0
1987.11    4006.7
1987.12    4055.3
1988.01    4051.1
1988.02    4075.8
1988.03    4101.0
1988.04    4129.7
1988.05    4142.4
1988.06    4169.5
1988.07    4200.6
1988.08    4216.4
1988.09    4240.3
1988.10    4274.9
1988.11    4287.3
1988.12    4326.5
1989.01    4387.4
1989.02    4412.4
1989.03    4452.7
1989.04    4473.7
1989.05    4472.7
1989.06    4492.3
1989.07    4510.0
1989.08    4518.1
1989.09    4527.8
1989.10    4558.7
1989.11    4592.7
1989.12    4613.0
1990.01    4667.2
1990.02    4703.8
1990.03    4730.0
1990.04    4771.1
1990.05    4774.2
1990.06    4806.8
1990.07    4837.1
1990.08    4842.0
1990.09    4873.8
1990.10    4868.2
1990.11    4875.9
1990.12    4900.4
1991.01    4890.3
1991.02    4895.4
1991.03    4910.0
1991.04    4937.0
1991.05    4960.1
1991.06    4993.4
1991.07    4982.3
1991.08    4999.6
1991.09    5025.8
1991.10    5030.2
1991.11    5053.5
1991.12    5101.6
1992.01    5129.1
1992.02    5175.1
1992.03    5188.4
1992.04    5214.3
1992.05    5239.2
1992.06    5259.5
1992.07    5271.2
1992.08    5258.8
1992.09    5303.2
1992.10    5348.4
1992.11    5373.0
1992.12    5566.5
1993.01    5366.1
1993.02    5375.0
1993.03    5367.2
1993.04    5483.3
1993.05    5518.3
1993.06    5510.6
1993.07    5517.7
1993.08    5556.9
1993.09    5558.1
1993.10    5580.3
1993.11    5603.7
1993.12    5793.4
1994.01    5562.0
1994.02    5628.0
1994.03    5658.9
1994.04    5740.4
1994.05    5776.6
1994.06    5782.8
1994.07    5811.5
1994.08    5834.2
1994.09    5868.5
1994.10    5928.8
1994.11    5937.6
1994.12    5972.0
1995.01    6039.3
1995.02    6050.3
1995.03    6069.6
1995.04    6112.6
1995.05    6099.5
1995.06    6132.2
1995.07    6164.9
1995.08    6171.2
1995.09    6201.1
1995.10    6239.8
1995.11    6254.9
1995.12    6274.0
1996.01    6311.0
1996.02    6371.1
1996.03    6396.0
1996.04    6424.7
1996.05    6446.8
1996.06    6512.4
1996.07    6504.9
1996.08    6538.9
1996.09    6582.0
1996.10    6575.6
1996.11    6615.2
1996.12    6664.4
1997.01    6700.1
1997.02    6750.3
1997.03    6788.2
1997.04    6801.0
1997.05    6823.1
1997.06    6862.7
1997.07    6872.2
