pnfic92 -- Private Nonresidential Fixed Investment (SAAR, Bil.Chn.1992$)              

  DATE    PNFIC92

1959.3    151.579
1959.4    151.389
1960.1    156.744
1960.2    158.725
1960.3    154.608
1960.4    153.648
1961.1    150.569
1961.2    153.224
1961.3    154.546
1961.4    159.774
1962.1    163.316
1962.2    168.610
1962.3    170.775
1962.4    169.246
1963.1    168.700
1963.2    173.665
1963.3    178.775
1963.4    184.521
1964.1    189.357
1964.2    194.077
1964.3    200.615
1964.4    204.532
1965.1    218.701
1965.2    226.606
1965.3    235.013
1965.4    244.910
1966.1    255.554
1966.2    259.314
1966.3    261.975
1966.4    260.798
1967.1    254.963
1967.2    254.383
1967.3    253.362
1967.4    258.561
1968.1    266.416
1968.2    261.590
1968.3    264.926
1968.4    272.725
1969.1    280.441
1969.2    283.208
1969.3    290.555
1969.4    288.351
1970.1    285.941
1970.2    284.279
1970.3    285.774
1970.4    275.269
1971.1    277.863
1971.2    281.791
1971.3    282.343
1971.4    287.693
1972.1    297.567
1972.2    302.482
1972.3    307.291
1972.4    323.637
1973.1    338.978
1973.2    352.512
1973.3    358.197
1973.4    360.467
1974.1    360.205
1974.2    359.162
1974.3    354.509
1974.4    343.647
1975.1    321.472
1975.2    312.803
1975.3    315.865
1975.4    319.073
1976.1    324.881
1976.2    328.440
1976.3    335.357
1976.4    341.594
1977.1    357.644
1977.2    367.837
1977.3    374.637
1977.4    387.122
1978.1    389.069
1978.2    421.013
1978.3    433.832
1978.4    446.474
1979.1    456.755
1979.2    455.879
1979.3    470.328
1979.4    470.233
1980.1    475.846
1980.2    450.362
1980.3    454.094
1980.4    464.259
1981.1    471.304
1981.2    479.500
1981.3    490.707
1981.4    501.374
1982.1    488.024
1982.2    469.642
1982.3    454.172
1982.4    445.497
1983.1    435.863
1983.2    440.627
1983.3    459.210
1983.4    489.971
1984.1    505.507
1984.2    530.807
1984.3    546.316
1984.4    558.817
1985.1    564.642
1985.2    572.719
1985.3    563.543
1985.4    572.887
1986.1    563.794
1986.2    548.039
1986.3    538.712
1986.4    543.370
1987.1    526.249
1987.2    537.546
1987.3    553.774
1987.4    551.950
1988.1    556.084
1988.2    567.057
1988.3    567.983
1988.4    572.904
1989.1    579.464
1989.2    586.622
1989.3    600.468
1989.4    588.797
1990.1    595.347
1990.2    583.397
1990.3    588.133
1990.4    573.908
1991.1    555.080
1991.2    550.924
1991.3    545.278
1991.4    539.532
1992.1    544.357
1992.2    557.484
1992.3    560.558
1992.4    569.082
1993.1    577.763
1993.2    595.084
1993.3    602.253
1993.4    625.555
1994.1    626.191
1994.2    641.209
1994.3    653.153
1994.4    672.890
1995.1    695.674
1995.2    705.353
1995.3    708.231
1995.4    716.800
1996.1    736.939
1996.2    759.734
1996.3    789.290
1996.4    800.771
1997.1    808.932
1997.2    836.993
