prfic92 -- Private Residential Fixed Investment (SAAR, Bil.Chn.1992$)                 

  DATE    PRFIC92

1959.3    131.985
1959.4    128.137
1960.1    131.816
1960.2    120.978
1960.3    117.308
1960.4    117.153
1961.1    117.599
1961.2    118.025
1961.3    124.407
1961.4    128.575
1962.1    130.894
1962.2    134.994
1962.3    134.870
1962.4    134.696
1963.1    139.562
1963.2    149.608
1963.3    152.373
1963.4    157.009
1964.1    166.649
1964.2    158.242
1964.3    155.649
1964.4    152.811
1965.1    153.361
1965.2    154.559
1965.3    155.159
1965.4    151.776
1966.1    155.195
1966.2    142.760
1966.3    138.184
1966.4    123.698
1967.1    119.949
1967.2    133.562
1967.3    140.272
1967.4    148.433
1968.1    149.340
1968.2    153.120
1968.3    155.867
1968.4    157.814
1969.1    163.482
1969.2    161.709
1969.3    160.453
1969.4    148.690
1970.1    149.001
1970.2    139.095
1970.3    146.441
1970.4    161.865
1971.1    170.553
1971.2    187.766
1971.3    196.991
1971.4    204.631
1972.1    218.284
1972.2    222.569
1972.3    223.086
1972.4    231.062
1973.1    238.816
1973.2    226.645
1973.3    217.016
1973.4    206.776
1974.1    191.555
1974.2    183.167
1974.3    177.092
1974.4    153.858
1975.1    144.332
1975.2    147.431
1975.3    157.699
1975.4    164.599
1976.1    181.423
1976.2    186.649
1976.3    183.622
1976.4    206.986
1977.1    212.812
1977.2    236.577
1977.3    236.367
1977.4    233.531
1978.1    235.056
1978.2    246.226
1978.3    249.675
1978.4    249.016
1979.1    243.165
1979.2    238.879
1979.3    235.674
1979.4    226.426
1980.1    210.342
1980.2    169.870
1980.3    173.028
1980.4    191.275
1981.1    188.003
1981.2    180.776
1981.3    166.523
1981.4    149.640
1982.1    141.082
1982.2    136.523
1982.3    134.793
1982.4    147.849
1983.1    170.754
1983.2    192.908
1983.3    210.540
1983.4    216.303
1984.1    223.999
1984.2    229.573
1984.3    226.625
1984.4    225.515
1985.1    226.938
1985.2    225.729
1985.3    230.232
1985.4    235.119
1986.1    245.112
1986.2    259.155
1986.3    262.545
1986.4    261.239
1987.1    258.760
1987.2    260.806
1987.3    256.175
1987.4    254.743
1988.1    251.317
1988.2    252.232
1988.3    252.902
1988.4    253.721
1989.1    252.593
1989.2    244.331
1989.3    240.113
1989.4    235.952
1990.1    239.369
1990.2    227.805
1990.3    214.900
1990.4    200.311
1991.1    187.380
1991.2    188.323
1991.3    195.617
1991.4    202.429
1992.1    213.917
1992.2    224.906
1992.3    226.742
1992.4    236.669
1993.1    237.023
1993.2    236.083
1993.3    242.204
1993.4    255.104
1994.1    261.282
1994.2    271.506
1994.3    269.400
1994.4    265.940
1995.1    261.192
1995.2    250.412
1995.3    255.537
1995.4    260.815
1996.1    266.059
1996.2    277.224
1996.3    274.080
1996.4    271.071
1997.1    273.302
1997.2    278.248
