propinc -- Proprietors' Income with IVA and CCAdj (SAAR, Bil.$)                       

  DATE    PROPINC

1959.1      51.8 
1959.2      52.0 
1959.3      51.6 
1959.4      52.0 
1960.1      51.1 
1960.2      52.0 
1960.3      52.1 
1960.4      52.6 
1961.1      53.5 
1961.2      53.6 
1961.3      54.6 
1961.4      55.9 
1962.1      56.0 
1962.2      56.2 
1962.3      56.7 
1962.4      57.1 
1963.1      57.0 
1963.2      57.1 
1963.3      57.8 
1963.4      59.2 
1964.1      59.3 
1964.2      59.9 
1964.3      60.9 
1964.4      62.3 
1965.1      63.0 
1965.2      64.4 
1965.3      65.5 
1965.4      67.6 
1966.1      70.4 
1966.2      68.4 
1966.3      68.9 
1966.4      69.9 
1967.1      70.4 
1967.2      70.0 
1967.3      72.0 
1967.4      71.4 
1968.1      73.0 
1968.2      74.5 
1968.3      76.4 
1968.4      77.1 
1969.1      77.6 
1969.2      79.1 
1969.3      79.9 
1969.4      80.0 
1970.1      79.8 
1970.2      78.8 
1970.3      80.9 
1970.4      81.3 
1971.1      83.1 
1971.2      85.5 
1971.3      86.9 
1971.4      90.4 
1972.1      90.6 
1972.2      94.5 
1972.3     100.8 
1972.4     107.2 
1973.1     108.4 
1973.2     113.8 
1973.3     117.7 
1973.4     127.5 
1974.1     119.7 
1974.2     111.2 
1974.3     115.2 
1974.4     116.6 
1975.1     115.1 
1975.2     117.4 
1975.3     125.1 
1975.4     129.4 
1976.1     129.7 
1976.2     131.1 
1976.3     134.9 
1976.4     138.6 
1977.1     143.6 
1977.2     143.4 
1977.3     146.7 
1977.4     156.0 
1978.1     159.7 
1978.2     170.6 
1978.3     171.0 
1978.4     176.7 
1979.1     181.0 
1979.2     184.1 
1979.3     188.7 
1979.4     186.3 
1980.1     179.5 
1980.2     160.1 
1980.3     176.5 
1980.4     190.2 
1981.1     194.4 
1981.2     183.2 
1981.3     192.4 
1981.4     180.4 
1982.1     167.4 
1982.2     182.0 
1982.3     177.9 
1982.4     191.0 
1983.1     188.0 
1983.2     190.4 
1983.3     189.0 
1983.4     200.1 
1984.1     236.4 
1984.2     250.3 
1984.3     258.5 
1984.4     249.6 
1985.1     268.4 
1985.2     265.1 
1985.3     266.4 
1985.4     274.3 
1986.1     271.9 
1986.2     275.7 
1986.3     287.2 
1986.4     283.0 
1987.1     296.5 
1987.2     302.7 
1987.3     308.1 
1987.4     313.1 
1988.1     330.1 
1988.2     339.0 
1988.3     340.5 
1988.4     331.6 
1989.1     361.9 
1989.2     356.5 
1989.3     352.3 
1989.4     358.9 
1990.1     367.7 
1990.2     375.4 
1990.3     378.6 
1990.4     374.4 
1991.1     362.4 
1991.2     378.7 
1991.3     378.9 
1991.4     385.7 
1992.1     410.2 
1992.2     420.8 
1992.3     426.6 
1992.4     437.4 
1993.1     440.3 
1993.2     452.2 
1993.3     446.2 
1993.4     464.4 
1994.1     463.9 
1994.2     474.7 
1994.3     471.6 
1994.4     476.1 
1995.1     478.2 
1995.2     484.4 
1995.3     491.7 
1995.4     501.5 
1996.1     509.3 
1996.2     520.0 
1996.3     523.8 
1996.4     528.3 
1997.1     534.6 
1997.2     543.6 
