psave -- Personal Saving (SAAR, Bil.$)                                              

  DATE    PSAVE

1959.1     26.0
1959.2     27.1
1959.3     22.7
1959.4     24.9
1960.1     25.5
1960.2     22.9
1960.3     24.6
1960.4     23.6
1961.1     26.7
1961.2     27.4
1961.3     30.9
1961.4     31.7
1962.1     31.5
1962.2     31.1
1962.3     30.6
1962.4     28.4
1963.1     28.8
1963.2     28.9
1963.3     28.2
1963.4     32.2
1964.1     32.8
1964.2     37.0
1964.3     35.6
1964.4     40.2
1965.1     35.6
1965.2     36.5
1965.3     42.5
1965.4     40.1
1966.1     37.8
1966.2     37.9
1966.3     39.7
1966.4     44.9
1967.1     49.9
1967.2     47.3
1967.3     50.5
1967.4     51.8
1968.1     50.1
1968.2     52.3
1968.3     43.5
1968.4     45.5
1969.1     40.2
1969.2     43.5
1969.3     54.0
1969.4     54.0
1970.1     53.4
1970.2     62.4
1970.3     65.8
1970.4     66.4
1971.1     68.3
1971.2     73.9
1971.3     71.7
1971.4     65.6
1972.1     61.6
1972.2     57.1
1972.3     64.6
1972.4     77.5
1973.1     76.3
1973.2     88.0
1973.3     91.2
1973.4    110.6
1974.1    105.5
1974.2     93.5
1974.3     96.5
1974.4    105.3
1975.1     92.9
1975.2    130.6
1975.3    102.0
1975.4    105.6
1976.1    102.4
1976.2    102.2
1976.3    101.6
1976.4     95.3
1977.1     83.5
1977.2     92.8
1977.3    103.2
1977.4    109.3
1978.1    117.7
1978.2    111.3
1978.3    116.8
1978.4    126.9
1979.1    135.5
1979.2    136.0
1979.3    134.1
1979.4    139.3
1980.1    155.9
1980.2    163.3
1980.3    168.3
1980.4    188.8
1981.1    192.0
1981.2    182.7
1981.3    220.9
1981.4    233.3
1982.1    208.4
1982.2    233.1
1982.3    218.8
1982.4    195.7
1983.1    185.3
1983.2    165.5
1983.3    169.6
1983.4    183.8
1984.1    221.4
1984.2    240.2
1984.3    270.8
1984.4    249.5
1985.1    215.5
1985.2    248.6
1985.3    189.3
1985.4    212.0
1986.1    230.6
1986.2    227.0
1986.3    197.5
1986.4    174.6
1987.1    209.7
1987.2    140.1
1987.3    158.4
1987.4    211.3
1988.1    212.8
1988.2    200.4
1988.3    202.6
1988.4    187.8
1989.1    225.1
1989.2    198.1
1989.3    184.0
1989.4    190.4
1990.1    211.6
1990.2    226.4
1990.3    220.8
1990.4    226.4
1991.1    243.8
1991.2    259.6
1991.3    255.0
1991.4    279.4
1992.1    277.5
1992.2    292.9
1992.3    267.6
1992.4    304.5
1993.1    218.6
1993.2    269.0
1993.3    239.0
1993.4    267.6
1994.1    165.2
1994.2    212.8
1994.3    222.1
1994.4    242.4
1995.1    279.2
1995.2    245.4
1995.3    243.8
1995.4    249.9
1996.1    258.1
1996.2    225.7
1996.3    254.0
1996.4    220.4
1997.1    215.9
1997.2    247.0
