psavert -- Personal Savings Rate (SAAR, Percent)                                      

   DATE    PSAVERT

1959.01       8.0 
1959.02       7.5 
1959.03       7.3 
1959.04       8.1 
1959.05       7.6 
1959.06       7.6 
1959.07       7.5 
1959.08       6.4 
1959.09       5.5 
1959.10       6.2 
1959.11       6.9 
1959.12       7.9 
1960.01       7.9 
1960.02       7.3 
1960.03       6.1 
1960.04       4.9 
1960.05       7.0 
1960.06       7.0 
1960.07       6.9 
1960.08       6.8 
1960.09       6.5 
1960.10       6.3 
1960.11       6.2 
1960.12       6.8 
1961.01       7.4 
1961.02       7.5 
1961.03       6.7 
1961.04       6.9 
1961.05       7.1 
1961.06       7.9 
1961.07       8.4 
1961.08       8.1 
1961.09       7.7 
1961.10       8.1 
1961.11       8.2 
1961.12       8.1 
1962.01       7.7 
1962.02       8.2 
1962.03       8.0 
1962.04       8.0 
1962.05       7.4 
1962.06       7.9 
1962.07       8.0 
1962.08       7.8 
1962.09       6.8 
1962.10       7.6 
1962.11       6.7 
1962.12       6.6 
1963.01       7.3 
1963.02       6.9 
1963.03       6.8 
1963.04       6.9 
1963.05       7.1 
1963.06       6.8 
1963.07       6.3 
1963.08       6.4 
1963.09       7.2 
1963.10       7.9 
1963.11       7.4 
1963.12       7.0 
1964.01       7.1 
1964.02       6.6 
1964.03       8.5 
1964.04       8.7 
1964.05       7.9 
1964.06       7.7 
1964.07       7.4 
1964.08       7.4 
1964.09       8.2 
1964.10       7.6 
1964.11       8.9 
1964.12       9.0 
1965.01       8.4 
1965.02       7.0 
1965.03       7.0 
1965.04       6.5 
1965.05       7.6 
1965.06       8.4 
1965.07       8.2 
1965.08       8.0 
1965.09       9.1 
1965.10       7.3 
1965.11       8.0 
1965.12       8.1 
1966.01       7.6 
1966.02       7.3 
1966.03       6.8 
1966.04       6.5 
1966.05       7.4 
1966.06       7.6 
1966.07       7.2 
1966.08       7.6 
1966.09       7.3 
1966.10       8.1 
1966.11       8.3 
1966.12       8.1 
1967.01       8.6 
1967.02       9.0 
1967.03       9.2 
1967.04       8.3 
1967.05       8.5 
1967.06       8.3 
1967.07       9.0 
1967.08       9.0 
1967.09       8.2 
1967.10       9.0 
1967.11       8.9 
1967.12       8.5 
1968.01       8.2 
1968.02       8.7 
1968.03       8.1 
1968.04       8.7 
1968.05       8.5 
1968.06       8.1 
1968.07       7.1 
1968.08       6.9 
1968.09       6.9 
1968.10       7.1 
1968.11       6.9 
1968.12       7.4 
1969.01       6.4 
1969.02       5.9 
1969.03       6.5 
1969.04       6.0 
1969.05       6.4 
1969.06       7.4 
1969.07       8.1 
1969.08       7.8 
1969.09       7.9 
1969.10       7.6 
1969.11       7.8 
1969.12       8.0 
1970.01       7.5 
1970.02       7.3 
1970.03       8.0 
1970.04       9.6 
1970.05       8.5 
1970.06       7.8 
1970.07       9.0 
1970.08       9.0 
1970.09       8.7 
1970.10       8.8 
1970.11       9.2 
1970.12       8.7 
1971.01       8.9 
1971.02       8.7 
1971.03       9.1 
1971.04       8.7 
1971.05       9.1 
1971.06      10.3 
1971.07       9.3 
1971.08       9.2 
1971.09       8.4 
1971.10       8.2 
1971.11       8.0 
1971.12       8.0 
1972.01       7.6 
1972.02       8.0 
1972.03       6.8 
1972.04       7.1 
1972.05       7.3 
1972.06       6.1 
1972.07       7.1 
1972.08       7.6 
1972.09       7.7 
1972.10       8.1 
1972.11       8.8 
1972.12       8.9 
1973.01       8.0 
1973.02       8.2 
1973.03       8.5 
1973.04       8.9 
1973.05       9.2 
1973.06       9.6 
1973.07       9.0 
1973.08       9.9 
1973.09       9.2 
1973.10      10.7 
1973.11      10.8 
1973.12      11.3 
1974.01      10.8 
1974.02      10.5 
1974.03       9.6 
1974.04       9.1 
1974.05       8.8 
1974.06       9.0 
1974.07       9.5 
1974.08       8.4 
1974.09       9.1 
1974.10       9.5 
1974.11       9.7 
1974.12       9.7 
1975.01       8.9 
1975.02       8.1 
1975.03       8.3 
1975.04      10.0 
1975.05      13.4 
1975.06      10.1 
1975.07       8.3 
1975.08       8.8 
1975.09       8.9 
1975.10       9.4 
1975.11       8.8 
1975.12       8.0 
1976.01       7.9 
1976.02       8.5 
1976.03       8.4 
1976.04       8.0 
1976.05       8.7 
1976.06       7.7 
1976.07       8.0 
1976.08       8.0 
1976.09       7.6 
1976.10       7.3 
1976.11       7.6 
1976.12       6.7 
1977.01       6.7 
1977.02       5.3 
1977.03       6.6 
1977.04       6.7 
1977.05       6.5 
1977.06       6.9 
1977.07       6.9 
1977.08       7.3 
1977.09       7.5 
1977.10       7.2 
1977.11       7.4 
1977.12       7.6 
1978.01       8.2 
1978.02       7.6 
1978.03       7.6 
1978.04       7.5 
1978.05       7.1 
1978.06       6.7 
1978.07       7.5 
1978.08       7.0 
1978.09       7.3 
1978.10       7.7 
1978.11       7.7 
1978.12       7.6 
1979.01       8.0 
1979.02       7.7 
1979.03       8.0 
1979.04       8.1 
1979.05       7.8 
1979.06       7.5 
1979.07       8.2 
1979.08       7.3 
1979.09       6.8 
1979.10       7.4 
1979.11       7.4 
1979.12       7.9 
1980.01       7.9 
1980.02       8.2 
1980.03       8.2 
1980.04       8.6 
1980.05       8.5 
1980.06       8.2 
1980.07       8.3 
1980.08       8.3 
1980.09       8.7 
1980.10       8.6 
1980.11       9.3 
1980.12       9.3 
1981.01       9.1 
1981.02       9.0 
1981.03       8.8 
1981.04       8.5 
1981.05       8.5 
1981.06       8.3 
1981.07      10.0 
1981.08       9.6 
1981.09       9.9 
1981.10      10.5 
1981.11      10.6 
1981.12       9.6 
1982.01       9.4 
1982.02       8.8 
1982.03       9.1 
1982.04      10.4 
1982.05       9.8 
1982.06       9.7 
1982.07       9.6 
1982.08       9.4 
1982.09       8.6 
1982.10       8.4 
1982.11       8.0 
1982.12       7.9 
1983.01       7.8 
1983.02       7.8 
1983.03       7.3 
1983.04       7.1 
1983.05       6.8 
1983.06       6.0 
1983.07       6.7 
1983.08       6.3 
1983.09       6.9 
1983.10       6.8 
1983.11       7.2 
1983.12       7.0 
1984.01       6.9 
1984.02       8.8 
1984.03       8.7 
1984.04       8.9 
1984.05       8.4 
1984.06       8.5 
1984.07       9.2 
1984.08       9.6 
1984.09       9.6 
1984.10       9.1 
1984.11       8.3 
1984.12       8.4 
1985.01       8.3 
1985.02       7.1 
1985.03       6.7 
1985.04       8.1 
1985.05       9.2 
1985.06       7.5 
1985.07       7.2 
1985.08       6.4 
1985.09       5.2 
1985.10       7.2 
1985.11       6.8 
1985.12       6.6 
1986.01       6.7 
1986.02       7.3 
1986.03       7.9 
1986.04       7.4 
1986.05       6.9 
1986.06       7.1 
1986.07       7.0 
1986.08       6.7 
1986.09       4.7 
1986.10       5.8 
1986.11       6.1 
1986.12       4.3 
1987.01       7.0 
1987.02       6.0 
1987.03       6.1 
1987.04       1.8 
1987.05       5.6 
1987.06       5.2 
1987.07       4.7 
1987.08       4.4 
1987.09       4.9 
1987.10       5.9 
1987.11       6.1 
1987.12       6.2 
1988.01       5.7 
1988.02       6.5 
1988.03       5.8 
1988.04       5.5 
1988.05       5.5 
1988.06       5.7 
1988.07       5.6 
1988.08       5.3 
1988.09       5.5 
1988.10       5.1 
1988.11       4.9 
1988.12       5.0 
1989.01       5.1 
1989.02       6.0 
1989.03       6.5 
1989.04       4.8 
1989.05       5.1 
1989.06       5.4 
1989.07       5.2 
1989.08       4.4 
1989.09       4.5 
1989.10       4.6 
1989.11       5.2 
1989.12       4.5 
1990.01       4.7 
1990.02       5.5 
1990.03       5.3 
1990.04       5.6 
1990.05       5.5 
1990.06       5.2 
1990.07       5.5 
1990.08       5.0 
1990.09       5.2 
1990.10       5.0 
1990.11       5.2 
1990.12       5.8 
1991.01       6.2 
1991.02       5.8 
1991.03       5.1 
1991.04       5.9 
1991.05       5.8 
1991.06       6.3 
1991.07       5.6 
1991.08       5.9 
1991.09       6.0 
1991.10       6.3 
1991.11       6.1 
1991.12       6.5 
1992.01       5.8 
1992.02       6.3 
1992.03       6.3 
1992.04       6.5 
1992.05       6.3 
1992.06       6.3 
1992.07       5.9 
1992.08       6.0 
1992.09       5.5 
1992.10       5.6 
1992.11       5.6 
1992.12       8.0 
1993.01       4.6 
1993.02       4.5 
1993.03       4.8 
1993.04       5.5 
1993.05       5.9 
1993.06       5.3 
1993.07       4.8 
1993.08       5.2 
1993.09       4.8 
1993.10       4.5 
1993.11       4.6 
1993.12       7.1 
1994.01       3.5 
1994.02       3.3 
1994.03       3.4 
1994.04       3.5 
1994.05       4.8 
1994.06       4.4 
1994.07       4.6 
1994.08       4.1 
1994.09       4.4 
1994.10       4.7 
1994.11       4.5 
1994.12       4.8 
1995.01       5.1 
1995.02       5.5 
1995.03       5.3 
1995.04       4.8 
1995.05       4.7 
1995.06       4.3 
1995.07       4.9 
1995.08       4.1 
1995.09       4.7 
1995.10       5.1 
1995.11       4.6 
1995.12       4.1 
1996.01       4.7 
1996.02       4.5 
1996.03       4.8 
1996.04       3.3 
1996.05       3.9 
1996.06       4.9 
1996.07       4.3 
1996.08       4.5 
1996.09       4.8 
1996.10       3.8 
1996.11       3.9 
1996.12       3.9 
1997.01       3.3 
1997.02       3.7 
1997.03       4.2 
1997.04       4.0 
1997.05       4.1 
1997.06       4.3 
1997.07       3.7 
