slcec92 -- State & Local Consumption Expenditures/Gross Invest.(SAAR,Bil.Chn.92$)     

  DATE    SLCEC92

1959.3    257.337
1959.4    255.858
1960.1    259.927
1960.2    265.997
1960.3    270.022
1960.4    272.957
1961.1    281.787
1961.2    280.117
1961.3    282.640
1961.4    290.528
1962.1    288.004
1962.2    289.976
1962.3    293.633
1962.4    296.679
1963.1    302.330
1963.2    305.258
1963.3    313.351
1963.4    317.921
1964.1    322.894
1964.2    329.899
1964.3    333.615
1964.4    337.279
1965.1    340.391
1965.2    348.992
1965.3    359.065
1965.4    364.215
1966.1    369.359
1966.2    372.280
1966.3    376.312
1966.4    385.774
1967.1    390.159
1967.2    392.175
1967.3    393.875
1967.4    400.644
1968.1    407.096
1968.2    414.896
1968.3    420.436
1968.4    423.578
1969.1    425.734
1969.2    428.824
1969.3    429.317
1969.4    428.235
1970.1    432.459
1970.2    434.997
1970.3    444.981
1970.4    447.483
1971.1    450.036
1971.2    453.097
1971.3    454.296
1971.4    460.043
1972.1    462.169
1972.2    460.514
1972.3    464.310
1972.4    470.800
1973.1    473.750
1973.2    474.729
1973.3    479.894
1973.4    485.493
1974.1    491.343
1974.2    497.611
1974.3    496.684
1974.4    496.625
1975.1    508.810
1975.2    504.918
1975.3    510.517
1975.4    515.873
1976.1    522.775
1976.2    514.129
1976.3    511.010
1976.4    509.428
1977.1    513.872
1977.2    517.006
1977.3    516.903
1977.4    517.742
1978.1    518.507
1978.2    534.209
1978.3    540.544
1978.4    545.687
1979.1    536.762
1979.2    541.927
1979.3    544.480
1979.4    550.918
1980.1    553.236
1980.2    546.084
1980.3    538.557
1980.4    536.556
1981.1    540.742
1981.2    530.250
1981.3    528.190
1981.4    531.994
1982.1    529.625
1982.2    531.155
1982.3    530.795
1982.4    533.826
1983.1    534.091
1983.2    532.671
1983.3    536.637
1983.4    536.019
1984.1    543.766
1984.2    550.933
1984.3    559.880
1984.4    565.575
1985.1    571.071
1985.2    581.467
1985.3    590.547
1985.4    595.646
1986.1    608.676
1986.2    615.063
1986.3    620.809
1986.4    623.193
1987.1    626.784
1987.2    628.756
1987.3    631.993
1987.4    639.586
1988.1    645.141
1988.2    654.979
1988.3    658.444
1988.4    667.796
1989.1    672.313
1989.2    679.355
1989.3    685.116
1989.4    693.673
1990.1    703.783
1990.2    705.364
1990.3    708.742
1990.4    716.504
1991.1    715.474
1991.2    716.776
1991.3    718.829
1991.4    723.825
1992.1    733.471
1992.2    734.244
1992.3    736.885
1992.4    738.504
1993.1    737.959
1993.2    745.288
1993.3    749.092
1993.4    753.433
1994.1    754.705
1994.2    762.166
1994.3    771.731
1994.4    774.071
1995.1    777.286
1995.2    782.326
1995.3    781.547
1995.4    785.137
1996.1    782.356
1996.2    794.393
1996.3    795.857
1996.4    802.303
1997.1    807.733
1997.2    810.050
