slexpnd -- State and Local Government Current Expenditures (SAAR, Bil.$)              

  DATE    SLEXPND

1959.1      34.7 
1959.2      35.2 
1959.3      35.6 
1959.4      36.2 
1960.1      37.2 
1960.2      38.2 
1960.3      38.8 
1960.4      39.5 
1961.1      40.7 
1961.2      41.8 
1961.3      42.3 
1961.4      43.2 
1962.1      44.0 
1962.2      44.6 
1962.3      45.0 
1962.4      45.8 
1963.1      46.6 
1963.2      47.5 
1963.3      48.4 
1963.4      49.7 
1964.1      50.9 
1964.2      51.9 
1964.3      52.8 
1964.4      54.0 
1965.1      55.2 
1965.2      56.4 
1965.3      58.1 
1965.4      59.3 
1966.1      61.2 
1966.2      63.3 
1966.3      65.2 
1966.4      67.4 
1967.1      68.9 
1967.2      71.2 
1967.3      73.7 
1967.4      76.1 
1968.1      78.7 
1968.2      81.3 
1968.3      83.8 
1968.4      86.6 
1969.1      89.1 
1969.2      91.9 
1969.3      95.2 
1969.4      98.4 
1970.1     102.4 
1970.2     106.1 
1970.3     110.1 
1970.4     114.1 
1971.1     118.7 
1971.2     122.4 
1971.3     125.5 
1971.4     128.1 
1972.1     133.2 
1972.2     135.6 
1972.3     139.4 
1972.4     142.0 
1973.1     146.0 
1973.2     150.2 
1973.3     153.7 
1973.4     157.9 
1974.1     160.6 
1974.2     166.7 
1974.3     173.2 
1974.4     180.2 
1975.1     188.5 
1975.2     195.8 
1975.3     201.1 
1975.4     206.4 
1976.1     211.5 
1976.2     215.4 
1976.3     220.3 
1976.4     224.4 
1977.1     229.3 
1977.2     235.2 
1977.3     239.6 
1977.4     244.4 
1978.1     249.9 
1978.2     254.9 
1978.3     258.8 
1978.4     263.0 
1979.1     268.9 
1979.2     275.5 
1979.3     281.1 
1979.4     287.7 
1980.1     296.6 
1980.2     302.0 
1980.3     311.0 
1980.4     318.4 
1981.1     327.1 
1981.2     334.0 
1981.3     338.4 
1981.4     342.2 
1982.1     348.9 
1982.2     355.6 
1982.3     360.6 
1982.4     365.8 
1983.1     373.0 
1983.2     376.3 
1983.3     380.5 
1983.4     385.3 
1984.1     394.8 
1984.2     401.7 
1984.3     408.6 
1984.4     415.4 
1985.1     423.7 
1985.2     432.0 
1985.3     442.5 
1985.4     452.9 
1986.1     462.0 
1986.2     469.5 
1986.3     478.9 
1986.4     492.4 
1987.1     498.9 
1987.2     507.6 
1987.3     514.7 
1987.4     523.1 
1988.1     533.0 
1988.2     541.6 
1988.3     548.9 
1988.4     558.4 
1989.1     568.0 
1989.2     579.2 
1989.3     590.6 
1989.4     605.9 
1990.1     624.8 
1990.2     638.5 
1990.3     655.5 
1990.4     676.5 
1991.1     689.8 
1991.2     702.1 
1991.3     714.3 
1991.4     727.2 
1992.1     738.6 
1992.2     752.2 
1992.3     765.4 
1992.4     775.9 
1993.1     789.8 
1993.2     802.6 
1993.3     812.9 
1993.4     822.6 
1994.1     837.2 
1994.2     846.2 
1994.3     858.4 
1994.4     867.5 
1995.1     880.6 
1995.2     892.1 
1995.3     900.9 
1995.4     910.0 
1996.1     920.8 
1996.2     932.5 
1996.3     944.2 
1996.4     954.5 
1997.1     966.1 
1997.2     975.1 
