slinvc92 -- State and Local Government Gross Investment (SAAR, Bil.Ch.92$)             

  DATE    SLINVC92

1959.1       63.3 
1959.2       62.5 
1959.3       61.0 
1959.4       58.2 
1960.1       59.4 
1960.2       61.3 
1960.3       63.4 
1960.4       63.6 
1961.1       67.4 
1961.2       63.5 
1961.3       65.6 
1961.4       70.5 
1962.1       68.5 
1962.2       68.2 
1962.3       69.6 
1962.4       70.3 
1963.1       73.3 
1963.2       73.1 
1963.3       76.6 
1963.4       77.6 
1964.1       78.1 
1964.2       81.3 
1964.3       81.7 
1964.4       81.2 
1965.1       81.3 
1965.2       84.5 
1965.3       89.0 
1965.4       90.1 
1966.1       90.9 
1966.2       90.5 
1966.3       90.9 
1966.4       95.2 
1967.1       99.0 
1967.2       98.2 
1967.3       95.3 
1967.4       97.8 
1968.1       99.1 
1968.2      102.8 
1968.3      103.4 
1968.4      102.5 
1969.1      101.2 
1969.2      100.4 
1969.3       97.2 
1969.4       91.7 
1970.1       90.8 
1970.2       89.6 
1970.3       93.4 
1970.4       91.4 
1971.1       89.7 
1971.2       89.5 
1971.3       87.0 
1971.4       88.3 
1972.1       87.5 
1972.2       83.7 
1972.3       83.9 
1972.4       87.2 
1973.1       87.5 
1973.2       85.3 
1973.3       85.1 
1973.4       86.3 
1974.1       88.0 
1974.2       89.9 
1974.3       86.2 
1974.4       82.7 
1975.1       88.5 
1975.2       82.1 
1975.3       84.0 
1975.4       88.4 
1976.1       93.4 
1976.2       85.6 
1976.3       80.7 
1976.4       77.3 
1977.1       79.7 
1977.2       81.5 
1977.3       78.6 
1977.4       77.4 
1978.1       75.1 
1978.2       88.1 
1978.3       90.6 
1978.4       91.9 
1979.1       83.0 
1979.2       89.6 
1979.3       93.3 
1979.4       96.1 
1980.1       98.0 
1980.2       92.5 
1980.3       87.2 
1980.4       86.6 
1981.1       91.4 
1981.2       82.3 
1981.3       78.3 
1981.4       80.0 
1982.1       76.7 
1982.2       76.8 
1982.3       77.0 
1982.4       79.2 
1983.1       77.2 
1983.2       76.6 
1983.3       80.1 
1983.4       79.3 
1984.1       83.2 
1984.2       86.3 
1984.3       90.2 
1984.4       91.7 
1985.1       93.2 
1985.2       98.0 
1985.3       99.4 
1985.4       98.4 
1986.1      103.1 
1986.2      104.3 
1986.3      105.6 
1986.4      102.4 
1987.1      105.7 
1987.2      105.2 
1987.3      106.8 
1987.4      108.4 
1988.1      108.1 
1988.2      112.3 
1988.3      111.4 
1988.4      114.4 
1989.1      113.4 
1989.2      115.7 
1989.3      116.7 
1989.4      120.3 
1990.1      125.6 
1990.2      123.8 
1990.3      123.8 
1990.4      128.3 
1991.1      124.6 
1991.2      123.3 
1991.3      124.7 
1991.4      127.1 
1992.1      134.4 
1992.2      132.6 
1992.3      131.0 
1992.4      130.6 
1993.1      127.1 
1993.2      131.8 
1993.3      131.5 
1993.4      131.9 
1994.1      127.6 
1994.2      130.6 
1994.3      135.8 
1994.4      135.0 
1995.1      134.1 
1995.2      137.3 
1995.3      134.7 
1995.4      136.2 
1996.1      135.7 
1996.2      140.2 
1996.3      140.1 
1996.4      144.5 
1997.1      146.6 
1997.2      145.8 
