slinv -- State and Local Government Gross Investment (SAAR, Bil.$)                  

  DATE    SLINV

1959.1     14.5
1959.2     14.3
1959.3     13.8
1959.4     13.1
1960.1     13.4
1960.2     13.8
1960.3     14.2
1960.4     14.3
1961.1     15.1
1961.2     14.3
1961.3     14.8
1961.4     15.9
1962.1     15.6
1962.2     15.6
1962.3     16.0
1962.4     16.2
1963.1     17.0
1963.2     17.0
1963.3     17.8
1963.4     18.2
1964.1     18.3
1964.2     19.1
1964.3     19.2
1964.4     19.2
1965.1     19.4
1965.2     20.3
1965.3     21.5
1965.4     22.0
1966.1     22.3
1966.2     22.6
1966.3     22.9
1966.4     24.3
1967.1     25.3
1967.2     25.2
1967.3     24.7
1967.4     25.6
1968.1     26.5
1968.2     27.7
1968.3     27.8
1968.4     28.3
1969.1     28.4
1969.2     28.8
1969.3     28.2
1969.4     27.2
1970.1     27.4
1970.2     27.7
1970.3     29.5
1970.4     29.6
1971.1     29.6
1971.2     30.0
1971.3     29.5
1971.4     30.5
1972.1     30.6
1972.2     29.5
1972.3     30.0
1972.4     31.7
1973.1     32.5
1973.2     32.3
1973.3     32.8
1973.4     34.3
1974.1     36.6
1974.2     39.8
1974.3     40.5
1974.4     40.5
1975.1     44.3
1975.2     41.3
1975.3     42.4
1975.4     44.9
1976.1     47.8
1976.2     44.1
1976.3     41.7
1976.4     40.2
1977.1     41.9
1977.2     43.3
1977.3     42.2
1977.4     42.0
1978.1     41.3
1978.2     49.4
1978.3     51.7
1978.4     53.4
1979.1     49.4
1979.2     54.8
1979.3     58.5
1979.4     61.9
1980.1     65.0
1980.2     63.2
1980.3     61.5
1980.4     62.8
1981.1     68.2
1981.2     62.9
1981.3     61.1
1981.4     63.7
1982.1     62.1
1982.2     62.9
1982.3     63.8
1982.4     65.8
1983.1     64.2
1983.2     63.5
1983.3     66.4
1983.4     65.9
1984.1     69.2
1984.2     71.8
1984.3     75.3
1984.4     76.6
1985.1     78.3
1985.2     82.7
1985.3     84.3
1985.4     84.0
1986.1     88.6
1986.2     90.5
1986.3     92.5
1986.4     90.7
1987.1     94.2
1987.2     94.5
1987.3     96.7
1987.4     98.7
1988.1     99.5
1988.2    103.7
1988.3    103.5
1988.4    106.8
1989.1    106.6
1989.2    109.5
1989.3    111.2
1989.4    115.3
1990.1    121.3
1990.2    120.4
1990.3    121.7
1990.4    126.5
1991.1    123.0
1991.2    122.4
1991.3    124.1
1991.4    126.3
1992.1    133.5
1992.2    132.4
1992.3    131.3
1992.4    131.5
1993.1    128.7
1993.2    134.5
1993.3    134.6
1993.4    135.9
1994.1    132.5
1994.2    136.3
1994.3    143.3
1994.4    143.6
1995.1    144.2
1995.2    148.6
1995.3    147.0
1995.4    149.8
1996.1    150.3
1996.2    155.3
1996.3    156.0
1996.4    161.4
1997.1    165.2
1997.2    165.6
