awhi -- Aggregate Weekly Hours Index: Private Nonfarm Payrolls (SA, 1982=100)      

   DATE     AWHI

1964.01     73.8
1964.02     74.9
1964.03     75.0
1964.04     75.4
1964.05     75.4
1964.06     75.7
1964.07     76.0
1964.08     76.2
1964.09     76.0
1964.10     76.3
1964.11     76.9
1964.12     77.6
1965.01     77.8
1965.02     77.9
1965.03     78.4
1965.04     78.4
1965.05     78.8
1965.06     78.9
1965.07     79.2
1965.08     79.2
1965.09     79.4
1965.10     80.0
1965.11     80.4
1965.12     81.1
1966.01     81.1
1966.02     81.9
1966.03     82.1
1966.04     82.1
1966.05     82.2
1966.06     82.7
1966.07     82.9
1966.08     83.0
1966.09     82.8
1966.10     83.1
1966.11     83.0
1966.12     83.3
1967.01     83.4
1967.02     82.6
1967.03     82.4
1967.04     82.1
1967.05     82.5
1967.06     82.6
1967.07     82.6
1967.08     82.9
1967.09     83.0
1967.10     82.8
1967.11     83.8
1967.12     83.8
1968.01     83.0
1968.02     84.1
1968.03     84.0
1968.04     83.9
1968.05     84.6
1968.06     84.9
1968.07     85.1
1968.08     85.2
1968.09     85.6
1968.10     85.7
1968.11     85.7
1968.12     86.1
1969.01     86.7
1969.02     86.6
1969.03     87.1
1969.04     87.3
1969.05     87.8
1969.06     87.7
1969.07     88.2
1969.08     88.3
1969.09     88.4
1969.10     88.3
1969.11     87.9
1969.12     88.4
1970.01     87.7
1970.02     87.8
1970.03     87.7
1970.04     87.2
1970.05     86.7
1970.06     86.4
1970.07     86.6
1970.08     86.1
1970.09     85.4
1970.10     84.8
1970.11     84.5
1970.12     85.2
1971.01     85.3
1971.02     85.2
1971.03     85.3
1971.04     85.6
1971.05     85.8
1971.06     85.8
1971.07     85.3
1971.08     85.7
1971.09     85.5
1971.10     86.1
1971.11     86.6
1971.12     86.9
1972.01     87.4
1972.02     87.7
1972.03     88.3
1972.04     88.8
1972.05     88.6
1972.06     89.2
1972.07     88.9
1972.08     89.3
1972.09     89.6
1972.10     90.5
1972.11     90.9
1972.12     90.8
1973.01     91.4
1973.02     92.3
1973.03     92.8
1973.04     93.0
1973.05     93.0
1973.06     93.3
1973.07     93.2
1973.08     93.3
1973.09     93.4
1973.10     93.6
1973.11     94.5
1973.12     94.1
1974.01     93.8
1974.02     94.1
1974.03     93.8
1974.04     93.1
1974.05     93.9
1974.06     93.9
1974.07     93.7
1974.08     93.5
1974.09     93.4
1974.10     93.1
1974.11     91.7
1974.12     90.4
1975.01     89.7
1975.02     88.3
1975.03     87.4
1975.04     87.4
1975.05     87.7
1975.06     87.8
1975.07     88.2
1975.08     89.2
1975.09     89.5
1975.10     89.8
1975.11     90.1
1975.12     90.7
1976.01     91.5
1976.02     91.8
1976.03     91.6
1976.04     92.0
1976.05     92.4
1976.06     92.3
1976.07     92.7
1976.08     92.5
1976.09     92.6
1976.10     92.6
1976.11     92.8
1976.12     93.0
1977.01     92.8
1977.02     94.0
1977.03     94.5
1977.04     95.2
1977.05     95.7
1977.06     96.1
1977.07     96.4
1977.08     96.5
1977.09     97.0
1977.10     97.4
1977.11     97.7
1977.12     97.8
1978.01     97.0
1978.02     97.7
1978.03     99.1
1978.04    100.4
1978.05    100.3
1978.06    101.1
1978.07    101.3
1978.08    101.4
1978.09    101.6
1978.10    102.1
1978.11    102.6
1978.12    103.0
1979.01    102.9
1979.02    103.3
1979.03    104.2
1979.04    102.6
1979.05    103.9
1979.06    104.4
1979.07    104.3
1979.08    104.2
1979.09    104.3
1979.10    104.3
1979.11    104.5
1979.12    104.8
1980.01    104.7
1980.02    104.7
1980.03    104.1
1980.04    103.1
1980.05    102.1
1980.06    101.5
1980.07    100.9
1980.08    101.6
1980.09    102.2
1980.10    102.7
1980.11    103.1
1980.12    103.5
1981.01    104.2
1981.02    104.1
1981.03    104.3
1981.04    104.3
1981.05    103.7
1981.06    103.8
1981.07    104.1
1981.08    104.0
1981.09    103.7
1981.10    103.7
1981.11    103.4
1981.12    102.4
1982.01    100.2
1982.02    102.6
1982.03    101.6
1982.04    100.8
1982.05    100.8
1982.06    100.3
1982.07     99.9
1982.08     99.6
1982.09     99.3
1982.10     98.7
1982.11     98.6
1982.12     98.6
1983.01     99.5
1983.02     98.4
1983.03     99.1
1983.04     99.8
1983.05    100.4
1983.06    101.1
1983.07    101.9
1983.08    101.0
1983.09    103.3
1983.10    104.1
1983.11    104.4
1983.12    104.9
1984.01    105.4
1984.02    106.5
1984.03    106.2
1984.04    107.1
1984.05    107.2
1984.06    107.6
1984.07    107.9
1984.08    107.9
1984.09    108.5
1984.10    108.5
1984.11    109.1
1984.12    109.4
1985.01    109.4
1985.02    109.3
1985.03    110.1
1985.04    109.8
1985.05    110.4
1985.06    110.5
1985.07    110.2
1985.08    110.8
1985.09    111.0
1985.10    111.3
1985.11    111.4
1985.12    111.9
1986.01    112.5
1986.02    111.7
1986.03    112.1
1986.04    111.9
1986.05    112.1
1986.06    111.6
1986.07    112.0
1986.08    112.5
1986.09    112.6
1986.10    112.6
1986.11    113.1
1986.12    113.2
1987.01    113.7
1987.02    114.5
1987.03    114.5
1987.04    114.6
1987.05    115.4
1987.06    115.4
1987.07    115.6
1987.08    116.4
1987.09    116.3
1987.10    116.8
1987.11    117.2
1987.12    117.1
1988.01    117.2
1988.02    118.0
1988.03    117.8
1988.04    118.2
1988.05    118.5
1988.06    118.9
1988.07    119.4
1988.08    119.0
1988.09    119.5
1988.10    120.3
1988.11    120.3
1988.12    120.8
1989.01    121.7
1989.02    121.2
1989.03    121.5
1989.04    122.3
1989.05    121.4
1989.06    121.5
1989.07    122.1
1989.08    121.6
1989.09    121.7
1989.10    122.3
1989.11    122.3
1989.12    122.0
1990.01    122.8
1990.02    123.1
1990.03    123.5
1990.04    123.4
1990.05    122.9
1990.06    123.3
1990.07    123.1
1990.08    122.6
1990.09    122.9
1990.10    121.5
1990.11    121.6
1990.12    122.3
1991.01    120.7
1991.02    120.3
1991.03    119.9
1991.04    119.4
1991.05    119.8
1991.06    120.8
1991.07    119.6
1991.08    120.1
1991.09    120.6
1991.10    120.0
1991.11    120.1
1991.12    120.5
1992.01    119.9
1992.02    120.7
1992.03    120.6
1992.04    120.5
1992.05    120.8
1992.06    120.7
1992.07    120.8
1992.08    121.6
1992.09    121.0
1992.10    121.5
1992.11    122.4
1992.12    121.9
1993.01    122.7
1993.02    123.1
1993.03    122.2
1993.04    123.5
1993.05    124.6
1993.06    124.1
1993.07    124.8
1993.08    125.5
1993.09    125.4
1993.10    125.7
1993.11    126.1
1993.12    126.5
1994.01    128.0
1994.02    126.4
1994.03    128.3
1994.04    128.7
1994.05    129.6
1994.06    129.7
1994.07    130.2
1994.08    130.2
1994.09    130.7
1994.10    132.0
1994.11    131.8
1994.12    132.1
1995.01    133.6
1995.02    132.6
1995.03    132.8
1995.04    133.7
1995.05    131.9
1995.06    133.0
1995.07    133.6
1995.08    133.4
1995.09    133.9
1995.10    134.4
1995.11    134.3
1995.12    133.9
1996.01    132.5
1996.02    135.1
1996.03    135.4
1996.04    135.1
1996.05    135.7
1996.06    137.6
1996.07    136.1
1996.08    137.1
1996.09    137.9
1996.10    137.2
1996.11    137.9
1996.12    139.1
1997.01    138.2
1997.02    140.0
1997.03    140.2
1997.04    139.6
1997.05    140.0
1997.06    140.6
1997.07    140.3
1997.08    140.8
