awhnonag -- Average Weekly Hours: Private Nonagricultural Establishments (SA)          

   DATE    AWHNONAG

1964.01      38.4  
1964.02      38.7  
1964.03      38.7  
1964.04      38.8  
1964.05      38.7  
1964.06      38.7  
1964.07      38.7  
1964.08      38.7  
1964.09      38.4  
1964.10      38.7  
1964.11      38.7  
1964.12      38.9  
1965.01      38.9  
1965.02      38.8  
1965.03      38.9  
1965.04      38.8  
1965.05      38.8  
1965.06      38.7  
1965.07      38.7  
1965.08      38.6  
1965.09      38.5  
1965.10      38.7  
1965.11      38.7  
1965.12      38.8  
1966.01      38.7  
1966.02      38.9  
1966.03      38.8  
1966.04      38.7  
1966.05      38.6  
1966.06      38.6  
1966.07      38.6  
1966.08      38.6  
1966.09      38.5  
1966.10      38.5  
1966.11      38.4  
1966.12      38.4  
1967.01      38.4  
1967.02      38.1  
1967.03      38.0  
1967.04      37.9  
1967.05      38.0  
1967.06      38.0  
1967.07      37.9  
1967.08      38.0  
1967.09      38.0  
1967.10      37.9  
1967.11      38.0  
1967.12      37.9  
1968.01      37.7  
1968.02      37.9  
1968.03      37.8  
1968.04      37.6  
1968.05      37.9  
1968.06      37.9  
1968.07      37.9  
1968.08      37.8  
1968.09      37.9  
1968.10      37.8  
1968.11      37.6  
1968.12      37.6  
1969.01      37.8  
1969.02      37.6  
1969.03      37.7  
1969.04      37.7  
1969.05      37.8  
1969.06      37.6  
1969.07      37.7  
1969.08      37.7  
1969.09      37.7  
1969.10      37.6  
1969.11      37.5  
1969.12      37.6  
1970.01      37.4  
1970.02      37.4  
1970.03      37.3  
1970.04      37.2  
1970.05      37.2  
1970.06      37.1  
1970.07      37.2  
1970.08      37.1  
1970.09      36.8  
1970.10      36.9  
1970.11      36.9  
1970.12      36.9  
1971.01      36.9  
1971.02      36.9  
1971.03      36.9  
1971.04      36.9  
1971.05      36.9  
1971.06      36.9  
1971.07      36.7  
1971.08      36.9  
1971.09      36.6  
1971.10      36.9  
1971.11      37.0  
1971.12      37.0  
1972.01      36.9  
1972.02      37.0  
1972.03      37.0  
1972.04      37.1  
1972.05      36.9  
1972.06      37.0  
1972.07      36.9  
1972.08      36.9  
1972.09      37.0  
1972.10      37.1  
1972.11      37.0  
1972.12      36.8  
1973.01      36.8  
1973.02      37.0  
1973.03      37.1  
1973.04      37.1  
1973.05      37.0  
1973.06      37.0  
1973.07      37.0  
1973.08      36.9  
1973.09      36.9  
1973.10      36.8  
1973.11      37.0  
1973.12      36.8  
1974.01      36.7  
1974.02      36.8  
1974.03      36.7  
1974.04      36.4  
1974.05      36.7  
1974.06      36.6  
1974.07      36.6  
1974.08      36.5  
1974.09      36.6  
1974.10      36.4  
1974.11      36.2  
1974.12      36.1  
1975.01      36.1  
1975.02      35.9  
1975.03      35.8  
1975.04      35.9  
1975.05      35.9  
1975.06      36.0  
1975.07      36.0  
1975.08      36.2  
1975.09      36.2  
1975.10      36.2  
1975.11      36.2  
1975.12      36.3  
1976.01      36.3  
1976.02      36.3  
1976.03      36.1  
1976.04      36.1  
1976.05      36.2  
1976.06      36.2  
1976.07      36.2  
1976.08      36.1  
1976.09      36.0  
1976.10      36.0  
1976.11      36.0  
1976.12      36.0  
1977.01      35.8  
1977.02      36.1  
1977.03      36.0  
1977.04      36.0  
1977.05      36.1  
1977.06      36.0  
1977.07      36.0  
1977.08      36.0  
1977.09      36.0  
1977.10      36.0  
1977.11      35.9  
1977.12      35.9  
1978.01      35.5  
1978.02      35.6  
1978.03      35.9  
1978.04      36.0  
1978.05      35.9  
1978.06      35.9  
1978.07      35.9  
1978.08      35.8  
1978.09      35.8  
1978.10      35.9  
1978.11      35.8  
1978.12      35.8  
1979.01      35.7  
1979.02      35.7  
1979.03      35.8  
1979.04      35.4  
1979.05      35.7  
1979.06      35.7  
1979.07      35.7  
1979.08      35.7  
1979.09      35.7  
1979.10      35.6  
1979.11      35.6  
1979.12      35.6  
1980.01      35.5  
1980.02      35.5  
1980.03      35.3  
1980.04      35.2  
1980.05      35.1  
1980.06      35.2  
1980.07      35.0  
1980.08      35.2  
1980.09      35.2  
1980.10      35.3  
1980.11      35.4  
1980.12      35.4  
1981.01      35.5  
1981.02      35.4  
1981.03      35.4  
1981.04      35.4  
1981.05      35.3  
1981.06      35.2  
1981.07      35.3  
1981.08      35.3  
1981.09      35.1  
1981.10      35.1  
1981.11      35.2  
1981.12      35.0  
1982.01      34.4  
1982.02      35.2  
1982.03      34.9  
1982.04      34.8  
1982.05      34.9  
1982.06      34.9  
1982.07      34.8  
1982.08      34.8  
1982.09      34.8  
1982.10      34.7  
1982.11      34.8  
1982.12      34.8  
1983.01      35.0  
1983.02      34.6  
1983.03      34.8  
1983.04      34.9  
1983.05      35.0  
1983.06      35.0  
1983.07      35.0  
1983.08      35.0  
1983.09      35.1  
1983.10      35.2  
1983.11      35.1  
1983.12      35.2  
1984.01      35.2  
1984.02      35.3  
1984.03      35.1  
1984.04      35.3  
1984.05      35.2  
1984.06      35.2  
1984.07      35.1  
1984.08      35.1  
1984.09      35.1  
1984.10      35.0  
1984.11      35.1  
1984.12      35.1  
1985.01      35.0  
1985.02      34.9  
1985.03      35.0  
1985.04      34.9  
1985.05      34.9  
1985.06      34.9  
1985.07      34.9  
1985.08      34.9  
1985.09      34.9  
1985.10      34.9  
1985.11      34.9  
1985.12      34.9  
1986.01      35.1  
1986.02      34.8  
1986.03      34.9  
1986.04      34.8  
1986.05      34.8  
1986.06      34.7  
1986.07      34.7  
1986.08      34.8  
1986.09      34.7  
1986.10      34.6  
1986.11      34.7  
1986.12      34.7  
1987.01      34.7  
1987.02      34.9  
1987.03      34.8  
1987.04      34.7  
1987.05      34.8  
1987.06      34.8  
1987.07      34.7  
1987.08      34.9  
1987.09      34.8  
1987.10      34.8  
1987.11      34.8  
1987.12      34.7  
1988.01      34.7  
1988.02      34.7  
1988.03      34.6  
1988.04      34.6  
1988.05      34.6  
1988.06      34.6  
1988.07      34.7  
1988.08      34.5  
1988.09      34.6  
1988.10      34.7  
1988.11      34.6  
1988.12      34.6  
1989.01      34.8  
1989.02      34.5  
1989.03      34.5  
1989.04      34.7  
1989.05      34.5  
1989.06      34.5  
1989.07      34.6  
1989.08      34.4  
1989.09      34.4  
1989.10      34.6  
1989.11      34.4  
1989.12      34.3  
1990.01      34.5  
1990.02      34.4  
1990.03      34.5  
1990.04      34.5  
1990.05      34.4  
1990.06      34.5  
1990.07      34.5  
1990.08      34.4  
1990.09      34.5  
1990.10      34.1  
1990.11      34.3  
1990.12      34.5  
1991.01      34.1  
1991.02      34.2  
1991.03      34.1  
1991.04      34.1  
1991.05      34.2  
1991.06      34.5  
1991.07      34.1  
1991.08      34.2  
1991.09      34.4  
1991.10      34.2  
1991.11      34.3  
1991.12      34.4  
1992.01      34.2  
1992.02      34.5  
1992.03      34.4  
1992.04      34.3  
1992.05      34.3  
1992.06      34.3  
1992.07      34.3  
1992.08      34.5  
1992.09      34.3  
1992.10      34.3  
1992.11      34.5  
1992.12      34.3  
1993.01      34.4  
1993.02      34.4  
1993.03      34.2  
1993.04      34.4  
1993.05      34.6  
1993.06      34.4  
1993.07      34.5  
1993.08      34.6  
1993.09      34.5  
1993.10      34.5  
1993.11      34.5  
1993.12      34.5  
1994.01      34.8  
1994.02      34.3  
1994.03      34.6  
1994.04      34.6  
1994.05      34.7  
1994.06      34.6  
1994.07      34.6  
1994.08      34.5  
1994.09      34.6  
1994.10      34.8  
1994.11      34.6  
1994.12      34.6  
1995.01      34.9  
1995.02      34.5  
1995.03      34.5  
1995.04      34.6  
1995.05      34.2  
1995.06      34.4  
1995.07      34.5  
1995.08      34.4  
1995.09      34.4  
1995.10      34.5  
1995.11      34.4  
1995.12      34.3  
1996.01      33.9  
1996.02      34.4  
1996.03      34.4  
1996.04      34.3  
1996.05      34.3  
1996.06      34.7  
1996.07      34.3  
1996.08      34.5  
1996.09      34.7  
1996.10      34.4  
1996.11      34.5  
1996.12      34.7  
1997.01      34.4  
1997.02      34.8  
1997.03      34.8  
1997.04      34.5  
1997.05      34.5  
1997.06      34.6  
1997.07      34.5  
1997.08      34.7  
