ce16ov -- Civilians Employed: Sixteen Years and Over (SA, Thous)                     

   DATE    CE16OV

1948.01     58061
1948.02     58196
1948.03     57671
1948.04     58291
1948.05     57854
1948.06     58743
1948.07     58968
1948.08     58456
1948.09     58513
1948.10     58387
1948.11     58417
1948.12     58740
1949.01     58175
1949.02     58208
1949.03     58043
1949.04     57747
1949.05     57552
1949.06     57172
1949.07     57190
1949.08     57397
1949.09     57584
1949.10     57269
1949.11     58009
1949.12     57845
1950.01     57635
1950.02     57751
1950.03     57728
1950.04     58583
1950.05     58649
1950.06     59052
1950.07     59001
1950.08     59797
1950.09     59575
1950.10     59803
1950.11     59697
1950.12     59429
1951.01     59636
1951.02     59661
1951.03     60401
1951.04     59889
1951.05     60188
1951.06     59620
1951.07     60156
1951.08     59994
1951.09     59713
1951.10     60010
1951.11     59836
1951.12     60497
1952.01     60460
1952.02     60462
1952.03     59908
1952.04     59909
1952.05     60195
1952.06     60219
1952.07     59971
1952.08     59790
1952.09     60521
1952.10     60132
1952.11     60748
1952.12     60954
1953.01     61600
1953.02     61884
1953.03     62010
1953.04     61444
1953.05     61019
1953.06     61456
1953.07     61397
1953.08     61151
1953.09     60906
1953.10     60893
1953.11     60738
1953.12     59977
1954.01     60024
1954.02     60663
1954.03     60186
1954.04     60185
1954.05     59908
1954.06     59792
1954.07     59643
1954.08     59853
1954.09     60282
1954.10     60270
1954.11     60357
1954.12     60116
1955.01     60753
1955.02     60727
1955.03     60964
1955.04     61515
1955.05     61634
1955.06     61781
1955.07     62513
1955.08     62797
1955.09     62950
1955.10     62991
1955.11     63257
1955.12     63684
1956.01     63753
1956.02     63518
1956.03     63411
1956.04     63614
1956.05     63861
1956.06     63820
1956.07     63800
1956.08     63972
1956.09     64079
1956.10     63975
1956.11     63796
1956.12     63910
1957.01     63632
1957.02     64257
1957.03     64404
1957.04     64047
1957.05     63985
1957.06     64196
1957.07     64540
1957.08     63959
1957.09     64121
1957.10     64046
1957.11     63669
1957.12     63922
1958.01     63220
1958.02     62898
1958.03     62731
1958.04     62631
1958.05     62874
1958.06     62730
1958.07     62745
1958.08     63012
1958.09     63181
1958.10     63475
1958.11     63470
1958.12     63549
1959.01     63868
1959.02     63684
1959.03     64267
1959.04     64768
1959.05     64699
1959.06     64849
1959.07     65011
1959.08     64844
1959.09     64770
1959.10     64911
1959.11     64530
1959.12     65341
1960.01     65347
1960.02     65620
1960.03     64673
1960.04     65959
1960.05     66057
1960.06     66168
1960.07     65909
1960.08     65895
1960.09     66267
1960.10     65632
1960.11     66109
1960.12     65778
1961.01     65776
1961.02     65588
1961.03     65850
1961.04     65374
1961.05     65449
1961.06     65993
1961.07     65608
1961.08     65852
1961.09     65541
1961.10     65919
1961.11     66081
1961.12     65900
1962.01     66108
1962.02     66538
1962.03     66493
1962.04     66372
1962.05     66688
1962.06     66670
1962.07     66483
1962.08     66968
1962.09     67192
1962.10     67114
1962.11     66847
1962.12     66947
1963.01     67072
1963.02     67024
1963.03     67351
1963.04     67642
1963.05     67615
1963.06     67649
1963.07     67905
1963.08     67908
1963.09     68174
1963.10     68294
1963.11     68267
1963.12     68213
1964.01     68327
1964.02     68751
1964.03     68763
1964.04     69356
1964.05     69631
1964.06     69218
1964.07     69399
1964.08     69463
1964.09     69578
1964.10     69582
1964.11     69735
1964.12     69814
1965.01     69997
1965.02     70127
1965.03     70439
1965.04     70633
1965.05     71034
1965.06     71025
1965.07     71460
1965.08     71362
1965.09     71286
1965.10     71695
1965.11     71724
1965.12     72062
1966.01     72198
1966.02     72134
1966.03     72188
1966.04     72510
1966.05     72497
1966.06     72775
1966.07     72860
1966.08     73146
1966.09     73258
1966.10     73401
1966.11     73840
1966.12     73729
1967.01     73671
1967.02     73606
1967.03     73439
1967.04     73882
1967.05     73844
1967.06     74278
1967.07     74520
1967.08     74767
1967.09     74854
1967.10     75051
1967.11     75125
1967.12     75473
1968.01     74700
1968.02     75229
1968.03     75379
1968.04     75561
1968.05     76107
1968.06     76182
1968.07     76087
1968.08     76043
1968.09     76172
1968.10     76224
1968.11     76494
1968.12     76778
1969.01     76805
1969.02     77327
1969.03     77367
1969.04     77523
1969.05     77412
1969.06     77880
1969.07     77959
1969.08     78250
1969.09     78250
1969.10     78445
1969.11     78541
1969.12     78740
1970.01     78780
1970.02     78698
1970.03     78863
1970.04     78930
1970.05     78564
1970.06     78413
1970.07     78726
1970.08     78624
1970.09     78498
1970.10     78685
1970.11     78650
1970.12     78594
1971.01     78864
1971.02     78700
1971.03     78588
1971.04     78987
1971.05     79139
1971.06     78757
1971.07     79305
1971.08     79539
1971.09     79689
1971.10     79918
1971.11     80297
1971.12     80471
1972.01     80959
1972.02     81108
1972.03     81573
1972.04     81655
1972.05     81887
1972.06     82083
1972.07     82230
1972.08     82578
1972.09     82543
1972.10     82616
1972.11     82990
1972.12     83400
1973.01     83161
1973.02     83912
1973.03     84452
1973.04     84559
1973.05     84648
1973.06     85185
1973.07     85299
1973.08     85204
1973.09     85488
1973.10     85987
1973.11     86320
1973.12     86401
1974.01     86555
1974.02     86754
1974.03     86819
1974.04     86669
1974.05     86891
1974.06     86941
1974.07     87149
1974.08     87037
1974.09     87051
1974.10     86995
1974.11     86626
1974.12     86144
1975.01     85627
1975.02     85256
1975.03     85187
1975.04     85189
1975.05     85451
1975.06     85355
1975.07     85894
1975.08     86234
1975.09     86279
1975.10     86370
1975.11     86456
1975.12     86665
1976.01     87400
1976.02     87672
1976.03     87985
1976.04     88416
1976.05     88794
1976.06     88563
1976.07     89093
1976.08     89223
1976.09     89173
1976.10     89274
1976.11     89634
1976.12     89803
1977.01     89928
1977.02     90342
1977.03     90808
1977.04     91271
1977.05     91754
1977.06     91959
1977.07     92084
1977.08     92441
1977.09     92702
1977.10     93052
1977.11     93761
1977.12     94105
1978.01     94384
1978.02     94519
1978.03     94755
1978.04     95394
1978.05     95769
1978.06     96343
1978.07     96090
1978.08     96431
1978.09     96670
1978.10     97133
1978.11     97485
1978.12     97581
1979.01     97948
1979.02     98329
1979.03     98480
1979.04     98103
1979.05     98331
1979.06     98679
1979.07     99006
1979.08     98776
1979.09     99340
1979.10     99404
1979.11     99574
1979.12     99933
1980.01     99879
1980.02     99995
1980.03     99713
1980.04     99233
1980.05     98945
1980.06     98682
1980.07     98796
1980.08     98824
1980.09     99077
1980.10     99317
1980.11     99545
1980.12     99634
1981.01     99955
1981.02    100191
1981.03    100571
1981.04    101056
1981.05    101048
1981.06    100298
1981.07    100693
1981.08    100689
1981.09    100064
1981.10    100378
1981.11    100207
1981.12     99645
1982.01     99692
1982.02     99762
1982.03     99672
1982.04     99576
1982.05    100116
1982.06     99543
1982.07     99493
1982.08     99633
1982.09     99504
1982.10     99215
1982.11     99112
1982.12     99032
1983.01     99161
1983.02     99089
1983.03     99179
1983.04     99560
1983.05     99642
1983.06    100633
1983.07    101208
1983.08    101608
1983.09    102016
1983.10    102039
1983.11    102729
1983.12    102996
1984.01    103201
1984.02    103824
1984.03    103967
1984.04    104336
1984.05    105193
1984.06    105591
1984.07    105435
1984.08    105163
1984.09    105490
1984.10    105638
1984.11    105972
1984.12    106223
1985.01    106302
1985.02    106555
1985.03    106989
1985.04    106936
1985.05    106932
1985.06    106505
1985.07    106807
1985.08    107095
1985.09    107657
1985.10    107847
1985.11    108007
1985.12    108216
1986.01    108887
1986.02    108480
1986.03    108837
1986.04    108952
1986.05    109089
1986.06    109576
1986.07    109810
1986.08    110015
1986.09    110085
1986.10    110273
1986.11    110475
1986.12    110728
1987.01    110953
1987.02    111257
1987.03    111408
1987.04    111794
1987.05    112434
1987.06    112246
1987.07    112634
1987.08    113057
1987.09    112909
1987.10    113282
1987.11    113505
1987.12    113793
1988.01    114016
1988.02    114227
1988.03    114037
1988.04    114650
1988.05    114292
1988.06    114927
1988.07    115060
1988.08    115282
1988.09    115356
1988.10    115638
1988.11    116100
1988.12    116104
1989.01    116708
1989.02    116776
1989.03    117022
1989.04    117097
1989.05    117099
1989.06    117418
1989.07    117472
1989.08    117655
1989.09    117354
1989.10    117581
1989.11    117912
1989.12    117830
1990.01    119081
1990.02    119059
1990.03    119203
1990.04    118852
1990.05    119151
1990.06    118983
1990.07    118810
1990.08    118802
1990.09    118524
1990.10    118536
1990.11    118306
1990.12    118241
1991.01    117940
1991.02    117755
1991.03    117652
1991.04    118109
1991.05    117440
1991.06    117639
1991.07    117568
1991.08    117484
1991.09    117928
1991.10    117800
1991.11    117770
1991.12    117466
1992.01    117978
1992.02    117753
1992.03    118144
1992.04    118426
1992.05    118375
1992.06    118419
1992.07    118713
1992.08    118826
1992.09    118720
1992.10    118628
1992.11    118876
1992.12    118997
1993.01    119075
1993.02    119275
1993.03    119542
1993.04    119474
1993.05    120115
1993.06    120290
1993.07    120467
1993.08    120856
1993.09    120554
1993.10    120823
1993.11    121169
1993.12    121464
1994.01    121999
1994.02    122104
1994.03    122001
1994.04    122331
1994.05    122961
1994.06    122653
1994.07    122717
1994.08    123274
1994.09    123544
1994.10    124052
1994.11    124474
1994.12    124689
1995.01    124766
1995.02    124937
1995.03    125070
1995.04    125023
1995.05    124577
1995.06    124533
1995.07    124804
1995.08    124729
1995.09    124927
1995.10    125235
1995.11    125124
1995.12    125068
1996.01    125311
1996.02    125706
1996.03    126062
1996.04    126125
1996.05    126428
1996.06    126590
1996.07    126889
1996.08    126988
1996.09    127248
1996.10    127617
1996.11    127644
1996.12    127855
1997.01    128580
1997.02    128430
1997.03    129175
1997.04    129384
1997.05    129639
1997.06    129364
1997.07    129708
1997.08    129804
