civpart -- Civilian Participation Rate (SA, %)                                        

   DATE    CIVPART

1948.01      58.6 
1948.02      58.9 
1948.03      58.5 
1948.04      59.0 
1948.05      58.3 
1948.06      59.2 
1948.07      59.3 
1948.08      58.9 
1948.09      58.9 
1948.10      58.7 
1948.11      58.7 
1948.12      59.1 
1949.01      58.7 
1949.02      59.0 
1949.03      58.9 
1949.04      58.8 
1949.05      59.0 
1949.06      58.6 
1949.07      58.9 
1949.08      59.2 
1949.09      59.1 
1949.10      59.6 
1949.11      59.4 
1949.12      59.2 
1950.01      58.9 
1950.02      58.9 
1950.03      58.8 
1950.04      59.2 
1950.05      59.1 
1950.06      59.4 
1950.07      59.1 
1950.08      59.5 
1950.09      59.2 
1950.10      59.4 
1950.11      59.3 
1950.12      59.2 
1951.01      59.1 
1951.02      59.1 
1951.03      59.8 
1951.04      59.1 
1951.05      59.4 
1951.06      59.0 
1951.07      59.4 
1951.08      59.2 
1951.09      59.1 
1951.10      59.4 
1951.11      59.2 
1951.12      59.6 
1952.01      59.5 
1952.02      59.5 
1952.03      58.9 
1952.04      58.8 
1952.05      59.1 
1952.06      59.1 
1952.07      58.9 
1952.08      58.7 
1952.09      59.2 
1952.10      58.7 
1952.11      59.1 
1952.12      59.2 
1953.01      59.5 
1953.02      59.5 
1953.03      59.6 
1953.04      59.1 
1953.05      58.6 
1953.06      58.9 
1953.07      58.9 
1953.08      58.6 
1953.09      58.5 
1953.10      58.5 
1953.11      58.6 
1953.12      58.3 
1954.01      58.6 
1954.02      59.3 
1954.03      59.1 
1954.04      59.2 
1954.05      58.9 
1954.06      58.5 
1954.07      58.4 
1954.08      58.7 
1954.09      59.2 
1954.10      58.8 
1954.11      58.6 
1954.12      58.1 
1955.01      58.6 
1955.02      58.4 
1955.03      58.5 
1955.04      59.0 
1955.05      58.8 
1955.06      58.8 
1955.07      59.3 
1955.08      59.7 
1955.09      59.7 
1955.10      59.8 
1955.11      59.9 
1955.12      60.2 
1956.01      60.2 
1956.02      59.9 
1956.03      59.8 
1956.04      59.9 
1956.05      60.2 
1956.06      60.1 
1956.07      60.1 
1956.08      60.0 
1956.09      60.0 
1956.10      59.8 
1956.11      59.8 
1956.12      59.8 
1957.01      59.5 
1957.02      59.9 
1957.03      59.8 
1957.04      59.5 
1957.05      59.5 
1957.06      59.8 
1957.07      60.0 
1957.08      59.3 
1957.09      59.6 
1957.10      59.5 
1957.11      59.5 
1957.12      59.6 
1958.01      59.3 
1958.02      59.3 
1958.03      59.3 
1958.04      59.6 
1958.05      59.8 
1958.06      59.5 
1958.07      59.6 
1958.08      59.8 
1958.09      59.7 
1958.10      59.6 
1958.11      59.2 
1958.12      59.2 
1959.01      59.3 
1959.02      59.0 
1959.03      59.3 
1959.04      59.4 
1959.05      59.2 
1959.06      59.2 
1959.07      59.4 
1959.08      59.2 
1959.09      59.3 
1959.10      59.4 
1959.11      59.1 
1959.12      59.5 
1960.01      59.1 
1960.02      59.1 
1960.03      58.5 
1960.04      59.5 
1960.05      59.5 
1960.06      59.7 
1960.07      59.5 
1960.08      59.5 
1960.09      59.7 
1960.10      59.4 
1960.11      59.8 
1960.12      59.7 
1961.01      59.6 
1961.02      59.6 
1961.03      59.7 
1961.04      59.3 
1961.05      59.4 
1961.06      59.7 
1961.07      59.3 
1961.08      59.3 
1961.09      59.0 
1961.10      59.1 
1961.11      59.1 
1961.12      58.8 
1962.01      58.8 
1962.02      59.0 
1962.03      58.9 
1962.04      58.7 
1962.05      58.9 
1962.06      58.8 
1962.07      58.5 
1962.08      59.0 
1962.09      59.0 
1962.10      58.7 
1962.11      58.5 
1962.12      58.4 
1963.01      58.6 
1963.02      58.6 
1963.03      58.6 
1963.04      58.8 
1963.05      58.8 
1963.06      58.5 
1963.07      58.7 
1963.08      58.5 
1963.09      58.7 
1963.10      58.8 
1963.11      58.8 
1963.12      58.5 
1964.01      58.6 
1964.02      58.8 
1964.03      58.7 
1964.04      59.1 
1964.05      59.1 
1964.06      58.7 
1964.07      58.6 
1964.08      58.6 
1964.09      58.7 
1964.10      58.6 
1964.11      58.5 
1964.12      58.6 
1965.01      58.6 
1965.02      58.7 
1965.03      58.7 
1965.04      58.8 
1965.05      59.0 
1965.06      58.8 
1965.07      59.1 
1965.08      58.9 
1965.09      58.7 
1965.10      58.9 
1965.11      58.8 
1965.12      59.0 
1966.01      59.0 
1966.02      58.8 
1966.03      58.8 
1966.04      59.0 
1966.05      59.0 
1966.06      59.1 
1966.07      59.1 
1966.08      59.3 
1966.09      59.3 
1966.10      59.3 
1966.11      59.6 
1966.12      59.5 
1967.01      59.5 
1967.02      59.3 
1967.03      59.1 
1967.04      59.4 
1967.05      59.3 
1967.06      59.6 
1967.07      59.6 
1967.08      59.7 
1967.09      59.7 
1967.10      59.9 
1967.11      59.8 
1967.12      59.9 
1968.01      59.2 
1968.02      59.6 
1968.03      59.6 
1968.04      59.5 
1968.05      59.9 
1968.06      60.0 
1968.07      59.8 
1968.08      59.6 
1968.09      59.5 
1968.10      59.5 
1968.11      59.6 
1968.12      59.7 
1969.01      59.6 
1969.02      60.0 
1969.03      59.9 
1969.04      60.0 
1969.05      59.8 
1969.06      60.1 
1969.07      60.1 
1969.08      60.3 
1969.09      60.3 
1969.10      60.4 
1969.11      60.2 
1969.12      60.2 
1970.01      60.4 
1970.02      60.4 
1970.03      60.6 
1970.04      60.6 
1970.05      60.3 
1970.06      60.2 
1970.07      60.4 
1970.08      60.3 
1970.09      60.2 
1970.10      60.4 
1970.11      60.4 
1970.12      60.4 
1971.01      60.4 
1971.02      60.1 
1971.03      60.0 
1971.04      60.1 
1971.05      60.2 
1971.06      59.8 
1971.07      60.1 
1971.08      60.2 
1971.09      60.1 
1971.10      60.1 
1971.11      60.4 
1971.12      60.4 
1972.01      60.2 
1972.02      60.2 
1972.03      60.5 
1972.04      60.4 
1972.05      60.4 
1972.06      60.4 
1972.07      60.4 
1972.08      60.6 
1972.09      60.4 
1972.10      60.3 
1972.11      60.3 
1972.12      60.5 
1973.01      60.0 
1973.02      60.5 
1973.03      60.8 
1973.04      60.8 
1973.05      60.6 
1973.06      60.9 
1973.07      60.9 
1973.08      60.7 
1973.09      60.8 
1973.10      60.9 
1973.11      61.2 
1973.12      61.2 
1974.01      61.3 
1974.02      61.4 
1974.03      61.3 
1974.04      61.1 
1974.05      61.2 
1974.06      61.2 
1974.07      61.4 
1974.08      61.2 
1974.09      61.4 
1974.10      61.3 
1974.11      61.3 
1974.12      61.2 
1975.01      61.4 
1975.02      61.0 
1975.03      61.2 
1975.04      61.3 
1975.05      61.5 
1975.06      61.2 
1975.07      61.3 
1975.08      61.3 
1975.09      61.2 
1975.10      61.2 
1975.11      61.1 
1975.12      61.1 
1976.01      61.3 
1976.02      61.3 
1976.03      61.3 
1976.04      61.6 
1976.05      61.5 
1976.06      61.5 
1976.07      61.8 
1976.08      61.8 
1976.09      61.6 
1976.10      61.6 
1976.11      61.9 
1976.12      61.8 
1977.01      61.6 
1977.02      61.9 
1977.03      62.0 
1977.04      62.1 
1977.05      62.2 
1977.06      62.4 
1977.07      62.1 
1977.08      62.3 
1977.09      62.3 
1977.10      62.4 
1977.11      62.8 
1977.12      62.7 
1978.01      62.8 
1978.02      62.7 
1978.03      62.8 
1978.04      63.0 
1978.05      63.1 
1978.06      63.3 
1978.07      63.2 
1978.08      63.2 
1978.09      63.3 
1978.10      63.3 
1978.11      63.5 
1978.12      63.6 
1979.01      63.6 
1979.02      63.8 
1979.03      63.8 
1979.04      63.5 
1979.05      63.3 
1979.06      63.5 
1979.07      63.6 
1979.08      63.6 
1979.09      63.8 
1979.10      63.7 
1979.11      63.7 
1979.12      63.9 
1980.01      64.0 
1980.02      64.0 
1980.03      63.7 
1980.04      63.8 
1980.05      63.9 
1980.06      63.7 
1980.07      63.8 
1980.08      63.7 
1980.09      63.6 
1980.10      63.7 
1980.11      63.8 
1980.12      63.6 
1981.01      63.9 
1981.02      63.9 
1981.03      64.1 
1981.04      64.2 
1981.05      64.3 
1981.06      63.7 
1981.07      63.8 
1981.08      63.8 
1981.09      63.5 
1981.10      63.8 
1981.11      63.9 
1981.12      63.6 
1982.01      63.7 
1982.02      63.8 
1982.03      63.8 
1982.04      63.9 
1982.05      64.2 
1982.06      63.9 
1982.07      64.0 
1982.08      64.1 
1982.09      64.1 
1982.10      64.1 
1982.11      64.2 
1982.12      64.1 
1983.01      63.9 
1983.02      63.8 
1983.03      63.7 
1983.04      63.8 
1983.05      63.7 
1983.06      64.3 
1983.07      64.1 
1983.08      64.3 
1983.09      64.3 
1983.10      64.0 
1983.11      64.1 
1983.12      64.1 
1984.01      63.9 
1984.02      64.1 
1984.03      64.1 
1984.04      64.3 
1984.05      64.5 
1984.06      64.6 
1984.07      64.6 
1984.08      64.4 
1984.09      64.4 
1984.10      64.4 
1984.11      64.5 
1984.12      64.6 
1985.01      64.7 
1985.02      64.7 
1985.03      64.9 
1985.04      64.9 
1985.05      64.8 
1985.06      64.6 
1985.07      64.7 
1985.08      64.6 
1985.09      64.9 
1985.10      65.0 
1985.11      64.9 
1985.12      65.0 
1986.01      64.9 
1986.02      65.0 
1986.03      65.1 
1986.04      65.1 
1986.05      65.2 
1986.06      65.4 
1986.07      65.4 
1986.08      65.3 
1986.09      65.4 
1986.10      65.4 
1986.11      65.4 
1986.12      65.3 
1987.01      65.4 
1987.02      65.5 
1987.03      65.5 
1987.04      65.4 
1987.05      65.7 
1987.06      65.5 
1987.07      65.6 
1987.08      65.7 
1987.09      65.5 
1987.10      65.7 
1987.11      65.7 
1987.12      65.7 
1988.01      65.8 
1988.02      65.9 
1988.03      65.7 
1988.04      65.8 
1988.05      65.7 
1988.06      65.8 
1988.07      65.9 
1988.08      66.1 
1988.09      65.9 
1988.10      66.0 
1988.11      66.2 
1988.12      66.1 
1989.01      66.5 
1989.02      66.3 
1989.03      66.3 
1989.04      66.4 
1989.05      66.3 
1989.06      66.5 
1989.07      66.5 
1989.08      66.5 
1989.09      66.4 
1989.10      66.5 
1989.11      66.6 
1989.12      66.5 
1990.01      66.8 
1990.02      66.7 
1990.03      66.7 
1990.04      66.6 
1990.05      66.6 
1990.06      66.4 
1990.07      66.5 
1990.08      66.5 
1990.09      66.4 
1990.10      66.4 
1990.11      66.4 
1990.12      66.4 
1991.01      66.2 
1991.02      66.2 
1991.03      66.3 
1991.04      66.4 
1991.05      66.2 
1991.06      66.2 
1991.07      66.1 
1991.08      66.0 
1991.09      66.2 
1991.10      66.1 
1991.11      66.1 
1991.12      66.0 
1992.01      66.3 
1992.02      66.2 
1992.03      66.4 
1992.04      66.5 
1992.05      66.6 
1992.06      66.7 
1992.07      66.7 
1992.08      66.6 
1992.09      66.5 
1992.10      66.2 
1992.11      66.3 
1992.12      66.3 
1993.01      66.2 
1993.02      66.2 
1993.03      66.2 
1993.04      66.1 
1993.05      66.4 
1993.06      66.5 
1993.07      66.4 
1993.08      66.4 
1993.09      66.2 
1993.10      66.3 
1993.11      66.3 
1993.12      66.4 
1994.01      66.7 
1994.02      66.6 
1994.03      66.5 
1994.04      66.5 
1994.05      66.6 
1994.06      66.4 
1994.07      66.4 
1994.08      66.6 
1994.09      66.6 
1994.10      66.7 
1994.11      66.7 
1994.12      66.7 
1995.01      66.9 
1995.02      66.8 
1995.03      66.8 
1995.04      66.9 
1995.05      66.5 
1995.06      66.5 
1995.07      66.6 
1995.08      66.5 
1995.09      66.6 
1995.10      66.6 
1995.11      66.5 
1995.12      66.4 
1996.01      66.6 
1996.02      66.6 
1996.03      66.8 
1996.04      66.7 
1996.05      66.8 
1996.06      66.7 
1996.07      66.9 
1996.08      66.7 
1996.09      66.8 
1996.10      66.9 
1996.11      66.9 
1996.12      67.0 
1997.01      67.2 
1997.02      67.0 
1997.03      67.3 
1997.04      67.2 
1997.05      67.1 
1997.06      67.1 
1997.07      67.1 
1997.08      67.1 
