clf16ov -- Civilian Labor Force (SA, Thous.)                                          

   DATE    CLF16OV

1948.01      60095
1948.02      60524
1948.03      60070
1948.04      60677
1948.05      59972
1948.06      60957
1948.07      61181
1948.08      60806
1948.09      60815
1948.10      60646
1948.11      60702
1948.12      61169
1949.01      60771
1949.02      61057
1949.03      61073
1949.04      61007
1949.05      61259
1949.06      60948
1949.07      61301
1949.08      61590
1949.09      61633
1949.10      62185
1949.11      62005
1949.12      61908
1950.01      61661
1950.02      61687
1950.03      61604
1950.04      62158
1950.05      62083
1950.06      62419
1950.07      62121
1950.08      62596
1950.09      62349
1950.10      62428
1950.11      62286
1950.12      62068
1951.01      61941
1951.02      61778
1951.03      62526
1951.04      61808
1951.05      62044
1951.06      61615
1951.07      62106
1951.08      61927
1951.09      61780
1951.10      62204
1951.11      62014
1951.12      62457
1952.01      62432
1952.02      62419
1952.03      61721
1952.04      61720
1952.05      62058
1952.06      62103
1952.07      61962
1952.08      61877
1952.09      62457
1952.10      61971
1952.11      62491
1952.12      62621
1953.01      63439
1953.02      63520
1953.03      63657
1953.04      63167
1953.05      62615
1953.06      63063
1953.07      63057
1953.08      62816
1953.09      62727
1953.10      62867
1953.11      62949
1953.12      62795
1954.01      63101
1954.02      63994
1954.03      63793
1954.04      63934
1954.05      63675
1954.06      63343
1954.07      63302
1954.08      63707
1954.09      64209
1954.10      63936
1954.11      63759
1954.12      63312
1955.01      63910
1955.02      63696
1955.03      63882
1955.04      64564
1955.05      64381
1955.06      64482
1955.07      65145
1955.08      65581
1955.09      65628
1955.10      65821
1955.11      66037
1955.12      66445
1956.01      66419
1956.02      66124
1956.03      66175
1956.04      66264
1956.05      66722
1956.06      66702
1956.07      66752
1956.08      66673
1956.09      66714
1956.10      66546
1956.11      66657
1956.12      66700
1957.01      66428
1957.02      66879
1957.03      66913
1957.04      66647
1957.05      66695
1957.06      67052
1957.07      67336
1957.08      66706
1957.09      67064
1957.10      67066
1957.11      67123
1957.12      67398
1958.01      67095
1958.02      67201
1958.03      67223
1958.04      67647
1958.05      67895
1958.06      67674
1958.07      67824
1958.08      68037
1958.09      68002
1958.10      68045
1958.11      67658
1958.12      67740
1959.01      67936
1959.02      67649
1959.03      68068
1959.04      68339
1959.05      68178
1959.06      68278
1959.07      68539
1959.08      68432
1959.09      68545
1959.10      68821
1959.11      68533
1959.12      68994
1960.01      68962
1960.02      68949
1960.03      68399
1960.04      69579
1960.05      69626
1960.06      69934
1960.07      69745
1960.08      69841
1960.09      70151
1960.10      69884
1960.11      70439
1960.12      70395
1961.01      70447
1961.02      70420
1961.03      70703
1961.04      70267
1961.05      70452
1961.06      70878
1961.07      70536
1961.08      70534
1961.09      70217
1961.10      70492
1961.11      70376
1961.12      70077
1962.01      70189
1962.02      70409
1962.03      70414
1962.04      70278
1962.05      70551
1962.06      70514
1962.07      70302
1962.08      70981
1962.09      71153
1962.10      70917
1962.11      70871
1962.12      70854
1963.01      71146
1963.02      71262
1963.03      71423
1963.04      71697
1963.05      71832
1963.06      71626
1963.07      71956
1963.08      71786
1963.09      72131
1963.10      72281
1963.11      72418
1963.12      72188
1964.01      72356
1964.02      72683
1964.03      72713
1964.04      73274
1964.05      73395
1964.06      73032
1964.07      73007
1964.08      73118
1964.09      73290
1964.10      73308
1964.11      73286
1964.12      73465
1965.01      73569
1965.02      73857
1965.03      73949
1965.04      74228
1965.05      74466
1965.06      74412
1965.07      74761
1965.08      74616
1965.09      74502
1965.10      74838
1965.11      74797
1965.12      75093
1966.01      75186
1966.02      74954
1966.03      75075
1966.04      75338
1966.05      75447
1966.06      75647
1966.07      75736
1966.08      76046
1966.09      76056
1966.10      76199
1966.11      76610
1966.12      76641
1967.01      76639
1967.02      76521
1967.03      76328
1967.04      76777
1967.05      76773
1967.06      77270
1967.07      77464
1967.08      77712
1967.09      77812
1967.10      78194
1967.11      78191
1967.12      78491
1968.01      77578
1968.02      78230
1968.03      78256
1968.04      78270
1968.05      78847
1968.06      79120
1968.07      78970
1968.08      78811
1968.09      78858
1968.10      78913
1968.11      79209
1968.12      79463
1969.01      79523
1969.02      80019
1969.03      80079
1969.04      80281
1969.05      80125
1969.06      80696
1969.07      80827
1969.08      81106
1969.09      81290
1969.10      81494
1969.11      81397
1969.12      81624
1970.01      81981
1970.02      82151
1970.03      82498
1970.04      82727
1970.05      82483
1970.06      82484
1970.07      82901
1970.08      82880
1970.09      82954
1970.10      83276
1970.11      83548
1970.12      83670
1971.01      83850
1971.02      83603
1971.03      83575
1971.04      83946
1971.05      84135
1971.06      83706
1971.07      84340
1971.08      84673
1971.09      84731
1971.10      84872
1971.11      85458
1971.12      85625
1972.01      85978
1972.02      86036
1972.03      86611
1972.04      86614
1972.05      86809
1972.06      87006
1972.07      87143
1972.08      87517
1972.09      87392
1972.10      87491
1972.11      87592
1972.12      87943
1973.01      87487
1973.02      88364
1973.03      88846
1973.04      89018
1973.05      88977
1973.06      89548
1973.07      89604
1973.08      89509
1973.09      89838
1973.10      90131
1973.11      90716
1973.12      90890
1974.01      91199
1974.02      91485
1974.03      91453
1974.04      91287
1974.05      91596
1974.06      91868
1974.07      92212
1974.08      92059
1974.09      92488
1974.10      92518
1974.11      92766
1974.12      92780
1975.01      93128
1975.02      92776
1975.03      93165
1975.04      93399
1975.05      93884
1975.06      93575
1975.07      94021
1975.08      94162
1975.09      94202
1975.10      94267
1975.11      94250
1975.12      94409
1976.01      94934
1976.02      94998
1976.03      95215
1976.04      95746
1976.05      95847
1976.06      95885
1976.07      96583
1976.08      96741
1976.09      96553
1976.10      96704
1976.11      97254
1976.12      97348
1977.01      97208
1977.02      97785
1977.03      98115
1977.04      98330
1977.05      98665
1977.06      99093
1977.07      98913
1977.08      99366
1977.09      99453
1977.10      99815
1977.11     100576
1977.12     100491
1978.01     100873
1978.02     100837
1978.03     101092
1978.04     101574
1978.05     101896
1978.06     102371
1978.07     102399
1978.08     102511
1978.09     102795
1978.10     103080
1978.11     103562
1978.12     103809
1979.01     104057
1979.02     104502
1979.03     104589
1979.04     104172
1979.05     104171
1979.06     104638
1979.07     105002
1979.08     105096
1979.09     105530
1979.10     105700
1979.11     105812
1979.12     106258
1980.01     106562
1980.02     106697
1980.03     106442
1980.04     106591
1980.05     106929
1980.06     106780
1980.07     107159
1980.08     107105
1980.09     107098
1980.10     107405
1980.11     107568
1980.12     107352
1981.01     108026
1981.02     108242
1981.03     108553
1981.04     108925
1981.05     109222
1981.06     108396
1981.07     108556
1981.08     108725
1981.09     108294
1981.10     109024
1981.11     109236
1981.12     108912
1982.01     109089
1982.02     109467
1982.03     109567
1982.04     109820
1982.05     110451
1982.06     110081
1982.07     110342
1982.08     110514
1982.09     110721
1982.10     110744
1982.11     111050
1982.12     111083
1983.01     110695
1983.02     110634
1983.03     110587
1983.04     110828
1983.05     110796
1983.06     111879
1983.07     111756
1983.08     112231
1983.09     112298
1983.10     111926
1983.11     112228
1983.12     112327
1984.01     112209
1984.02     112615
1984.03     112713
1984.04     113098
1984.05     113649
1984.06     113817
1984.07     113972
1984.08     113682
1984.09     113857
1984.10     114019
1984.11     114170
1984.12     114581
1985.01     114725
1985.02     114876
1985.03     115328
1985.04     115331
1985.05     115234
1985.06     114965
1985.07     115320
1985.08     115291
1985.09     115905
1985.10     116145
1985.11     116135
1985.12     116354
1986.01     116682
1986.02     116882
1986.03     117220
1986.04     117316
1986.05     117528
1986.06     118084
1986.07     118129
1986.08     118150
1986.09     118395
1986.10     118516
1986.11     118634
1986.12     118611
1987.01     118845
1987.02     119122
1987.03     119270
1987.04     119336
1987.05     120008
1987.06     119644
1987.07     119902
1987.08     120318
1987.09     120011
1987.10     120509
1987.11     120540
1987.12     120729
1988.01     120969
1988.02     121156
1988.03     120913
1988.04     121251
1988.05     121071
1988.06     121473
1988.07     121665
1988.08     122125
1988.09     121960
1988.10     122206
1988.11     122637
1988.12     122622
1989.01     123390
1989.02     123135
1989.03     123227
1989.04     123565
1989.05     123474
1989.06     123995
1989.07     123967
1989.08     124166
1989.09     123944
1989.10     124211
1989.11     124637
1989.12     124497
1990.01     125833
1990.02     125710
1990.03     125801
1990.04     125649
1990.05     125893
1990.06     125573
1990.07     125732
1990.08     125990
1990.09     125892
1990.10     125995
1990.11     126070
1990.12     126142
1991.01     125955
1991.02     126020
1991.03     126238
1991.04     126548
1991.05     126176
1991.06     126331
1991.07     126154
1991.08     126150
1991.09     126650
1991.10     126642
1991.11     126701
1991.12     126664
1992.01     127261
1992.02     127207
1992.03     127604
1992.04     127841
1992.05     128119
1992.06     128459
1992.07     128563
1992.08     128613
1992.09     128501
1992.10     128026
1992.11     128441
1992.12     128554
1993.01     128400
1993.02     128458
1993.03     128598
1993.04     128584
1993.05     129264
1993.06     129411
1993.07     129397
1993.08     129619
1993.09     129268
1993.10     129573
1993.11     129711
1993.12     129941
1994.01     130709
1994.02     130685
1994.03     130501
1994.04     130644
1994.05     130828
1994.06     130590
1994.07     130644
1994.08     131223
1994.09     131284
1994.10     131676
1994.11     131846
1994.12     131847
1995.01     132198
1995.02     132140
1995.03     132271
1995.04     132613
1995.05     131935
1995.06     131978
1995.07     132300
1995.08     132246
1995.09     132450
1995.10     132564
1995.11     132533
1995.12     132422
1996.01     132899
1996.02     133070
1996.03     133464
1996.04     133427
1996.05     133759
1996.06     133709
1996.07     134165
1996.08     133898
1996.09     134291
1996.10     134636
1996.11     134831
1996.12     135022
1997.01     135848
1997.02     135634
1997.03     136319
1997.04     136098
1997.05     136173
1997.06     136200
1997.07     136290
1997.08     136480
