cnp16ov -- Civilian Noninstitutional Population (NSA, Thousands)                      

   DATE    CNP16OV

1948.01     102603
1948.02     102698
1948.03     102771
1948.04     102831
1948.05     102923
1948.06     102992
1948.07     103216
1948.08     103240
1948.09     103291
1948.10     103361
1948.11     103424
1948.12     103468
1949.01     103529
1949.02     103559
1949.03     103665
1949.04     103739
1949.05     103845
1949.06     103930
1949.07     104042
1949.08     104121
1949.09     104219
1949.10     104338
1949.11     104421
1949.12     104524
1950.01     104619
1950.02     104737
1950.03     104844
1950.04     104943
1950.05     105014
1950.06     105104
1950.07     105194
1950.08     105282
1950.09     105269
1950.10     105096
1950.11     104979
1950.12     104872
1951.01     104844
1951.02     104604
1951.03     104629
1951.04     104541
1951.05     104491
1951.06     104488
1951.07     104504
1951.08     104536
1951.09     104588
1951.10     104690
1951.11     104740
1951.12     104810
1952.01     104862
1952.02     104868
1952.03     104860
1952.04     104906
1952.05     104996
1952.06     105118
1952.07     105246
1952.08     105346
1952.09     105436
1952.10     105591
1952.11     105706
1952.12     105812
1953.01     106594
1953.02     106678
1953.03     106744
1953.04     106826
1953.05     106910
1953.06     106978
1953.07     107034
1953.08     107132
1953.09     107253
1953.10     107383
1953.11     107504
1953.12     107623
1954.01     107763
1954.02     107880
1954.03     107987
1954.04     108080
1954.05     108184
1954.06     108267
1954.07     108344
1954.08     108440
1954.09     108546
1954.10     108668
1954.11     108798
1954.12     108892
1955.01     109059
1955.02     109078
1955.03     109254
1955.04     109377
1955.05     109544
1955.06     109680
1955.07     109792
1955.08     109882
1955.09     109977
1955.10     110085
1955.11     110177
1955.12     110296
1956.01     110390
1956.02     110478
1956.03     110582
1956.04     110650
1956.05     110810
1956.06     110903
1956.07     111019
1956.08     111099
1956.09     111222
1956.10     111335
1956.11     111432
1956.12     111526
1957.01     111626
1957.02     111711
1957.03     111824
1957.04     111933
1957.05     112031
1957.06     112172
1957.07     112317
1957.08     112421
1957.09     112554
1957.10     112710
1957.11     112874
1957.12     113013
1958.01     113138
1958.02     113234
1958.03     113337
1958.04     113415
1958.05     113534
1958.06     113647
1958.07     113727
1958.08     113835
1958.09     113977
1958.10     114138
1958.11     114283
1958.12     114429
1959.01     114582
1959.02     114712
1959.03     114849
1959.04     114986
1959.05     115144
1959.06     115287
1959.07     115429
1959.08     115555
1959.09     115668
1959.10     115798
1959.11     115916
1959.12     116040
1960.01     116594
1960.02     116702
1960.03     116827
1960.04     116910
1960.05     117033
1960.06     117167
1960.07     117281
1960.08     117431
1960.09     117521
1960.10     117643
1960.11     117829
1960.12     118001
1961.01     118155
1961.02     118250
1961.03     118358
1961.04     118503
1961.05     118638
1961.06     118767
1961.07     118889
1961.08     119006
1961.09     119107
1961.10     119202
1961.11     119153
1961.12     119214
1962.01     119300
1962.02     119360
1962.03     119476
1962.04     119702
1962.05     119813
1962.06     119943
1962.07     120128
1962.08     120323
1962.09     120653
1962.10     120856
1962.11     121045
1962.12     121236
1963.01     121463
1963.02     121633
1963.03     121824
1963.04     121986
1963.05     122162
1963.06     122352
1963.07     122521
1963.08     122667
1963.09     122821
1963.10     123014
1963.11     123192
1963.12     123360
1964.01     123560
1964.02     123707
1964.03     123857
1964.04     124019
1964.05     124204
1964.06     124386
1964.07     124567
1964.08     124731
1964.09     124920
1964.10     125108
1964.11     125291
1964.12     125468
1965.01     125647
1965.02     125810
1965.03     125985
1965.04     126155
1965.05     126320
1965.06     126499
1965.07     126573
1965.08     126756
1965.09     126906
1965.10     127043
1965.11     127171
1965.12     127294
1966.01     127394
1966.02     127514
1966.03     127626
1966.04     127744
1966.05     127879
1966.06     127983
1966.07     128102
1966.08     128240
1966.09     128359
1966.10     128494
1966.11     128627
1966.12     128730
1967.01     128909
1967.02     129032
1967.03     129190
1967.04     129344
1967.05     129515
1967.06     129722
1967.07     129918
1967.08     130187
1967.09     130392
1967.10     130582
1967.11     130754
1967.12     130936
1968.01     131112
1968.02     131277
1968.03     131412
1968.04     131553
1968.05     131712
1968.06     131872
1968.07     132053
1968.08     132251
1968.09     132446
1968.10     132617
1968.11     132903
1968.12     133120
1969.01     133324
1969.02     133465
1969.03     133639
1969.04     133821
1969.05     134027
1969.06     134213
1969.07     134414
1969.08     134597
1969.09     134774
1969.10     135012
1969.11     135239
1969.12     135489
1970.01     135713
1970.02     135957
1970.03     136179
1970.04     136416
1970.05     136686
1970.06     136928
1970.07     137196
1970.08     137455
1970.09     137717
1970.10     137988
1970.11     138264
1970.12     138529
1971.01     138795
1971.02     139021
1971.03     139285
1971.04     139566
1971.05     139826
1971.06     140090
1971.07     140343
1971.08     140596
1971.09     140869
1971.10     141146
1971.11     141393
1971.12     141666
1972.01     142736
1972.02     143017
1972.03     143263
1972.04     143483
1972.05     143760
1972.06     144033
1972.07     144285
1972.08     144522
1972.09     144761
1972.10     144988
1972.11     145211
1972.12     145446
1973.01     145720
1973.02     145943
1973.03     146230
1973.04     146459
1973.05     146719
1973.06     146981
1973.07     147233
1973.08     147471
1973.09     147731
1973.10     147980
1973.11     148219
1973.12     148479
1974.01     148753
1974.02     148982
1974.03     149225
1974.04     149478
1974.05     149750
1974.06     150012
1974.07     150248
1974.08     150493
1974.09     150753
1974.10     151009
1974.11     151256
1974.12     151494
1975.01     151755
1975.02     151990
1975.03     152217
1975.04     152443
1975.05     152704
1975.06     152976
1975.07     153309
1975.08     153580
1975.09     153848
1975.10     154082
1975.11     154338
1975.12     154589
1976.01     154853
1976.02     155066
1976.03     155306
1976.04     155529
1976.05     155765
1976.06     156027
1976.07     156276
1976.08     156525
1976.09     156779
1976.10     156993
1976.11     157235
1976.12     157438
1977.01     157688
1977.02     157913
1977.03     158131
1977.04     158371
1977.05     158657
1977.06     158929
1977.07     159185
1977.08     159430
1977.09     159674
1977.10     159915
1977.11     160129
1977.12     160377
1978.01     160617
1978.02     160831
1978.03     161038
1978.04     161263
1978.05     161518
1978.06     161795
1978.07     162034
1978.08     162259
1978.09     162502
1978.10     162783
1978.11     163017
1978.12     163272
1979.01     163516
1979.02     163726
1979.03     164027
1979.04     164162
1979.05     164459
1979.06     164721
1979.07     164970
1979.08     165198
1979.09     165431
1979.10     165813
1979.11     166051
1979.12     166300
1980.01     166544
1980.02     166759
1980.03     166984
1980.04     167197
1980.05     167407
1980.06     167643
1980.07     167932
1980.08     168103
1980.09     168297
1980.10     168503
1980.11     168695
1980.12     168883
1981.01     169104
1981.02     169280
1981.03     169453
1981.04     169641
1981.05     169829
1981.06     170042
1981.07     170246
1981.08     170399
1981.09     170593
1981.10     170809
1981.11     170996
1981.12     171166
1982.01     171335
1982.02     171489
1982.03     171667
1982.04     171844
1982.05     172026
1982.06     172190
1982.07     172364
1982.08     172511
1982.09     172690
1982.10     172881
1982.11     173058
1982.12     173199
1983.01     173354
1983.02     173505
1983.03     173656
1983.04     173794
1983.05     173953
1983.06     174125
1983.07     174306
1983.08     174440
1983.09     174602
1983.10     174779
1983.11     174951
1983.12     175121
1984.01     175533
1984.02     175679
1984.03     175824
1984.04     175969
1984.05     176123
1984.06     176284
1984.07     176440
1984.08     176583
1984.09     176763
1984.10     176956
1984.11     177135
1984.12     177306
1985.01     177384
1985.02     177516
1985.03     177667
1985.04     177799
1985.05     177944
1985.06     178096
1985.07     178263
1985.08     178405
1985.09     178572
1985.10     178770
1985.11     178940
1985.12     179112
1986.01     179670
1986.02     179821
1986.03     179985
1986.04     180148
1986.05     180311
1986.06     180503
1986.07     180682
1986.08     180828
1986.09     180997
1986.10     181186
1986.11     181363
1986.12     181547
1987.01     181827
1987.02     181998
1987.03     182179
1987.04     182344
1987.05     182533
1987.06     182703
1987.07     182885
1987.08     183002
1987.09     183161
1987.10     183311
1987.11     183470
1987.12     183620
1988.01     183822
1988.02     183969
1988.03     184111
1988.04     184232
1988.05     184374
1988.06     184562
1988.07     184729
1988.08     184830
1988.09     184962
1988.10     185114
1988.11     185244
1988.12     185402
1989.01     185644
1989.02     185777
1989.03     185897
1989.04     186024
1989.05     186181
1989.06     186329
1989.07     186483
1989.08     186598
1989.09     186726
1989.10     186871
1989.11     187017
1989.12     187165
1990.01     188413
1990.02     188516
1990.03     188630
1990.04     188778
1990.05     188913
1990.06     189058
1990.07     189188
1990.08     189342
1990.09     189528
1990.10     189710
1990.11     189872
1990.12     190017
1991.01     190163
1991.02     190271
1991.03     190381
1991.04     190517
1991.05     190650
1991.06     190800
1991.07     190946
1991.08     191116
1991.09     191302
1991.10     191497
1991.11     191657
1991.12     191798
1992.01     191953
1992.02     192067
1992.03     192204
1992.04     192354
1992.05     192503
1992.06     192663
1992.07     192826
1992.08     193018
1992.09     193229
1992.10     193442
1992.11     193621
1992.12     193784
1993.01     193962
1993.02     194108
1993.03     194248
1993.04     194398
1993.05     194549
1993.06     194719
1993.07     194882
1993.08     195063
1993.09     195259
1993.10     195444
1993.11     195625
1993.12     195794
1994.01     195953
1994.02     196090
1994.03     196213
1994.04     196363
1994.05     196510
1994.06     196693
1994.07     196859
1994.08     197043
1994.09     197248
1994.10     197430
1994.11     197607
1994.12     197765
1995.01     197753
1995.02     197886
1995.03     198007
1995.04     198148
1995.05     198286
1995.06     198453
1995.07     198615
1995.08     198801
1995.09     199005
1995.10     199192
1995.11     199355
1995.12     199508
1996.01     199634
1996.02     199772
1996.03     199921
1996.04     200101
1996.05     200278
1996.06     200459
1996.07     200641
1996.08     200847
1996.09     201060
1996.10     201273
1996.11     201463
1996.12     201636
1997.01     202285
1997.02     202388
1997.03     202513
1997.04     202674
1997.05     202832
1997.06     203000
1997.07     203166
1997.08     203364
