emratio -- Civilian Employment-Population Ratio (SA, %)                               

   DATE    EMRATIO

1948.01      56.6 
1948.02      56.7 
1948.03      56.1 
1948.04      56.7 
1948.05      56.2 
1948.06      57.0 
1948.07      57.1 
1948.08      56.6 
1948.09      56.6 
1948.10      56.5 
1948.11      56.5 
1948.12      56.8 
1949.01      56.2 
1949.02      56.2 
1949.03      56.0 
1949.04      55.7 
1949.05      55.4 
1949.06      55.0 
1949.07      55.0 
1949.08      55.1 
1949.09      55.3 
1949.10      54.9 
1949.11      55.6 
1949.12      55.3 
1950.01      55.1 
1950.02      55.1 
1950.03      55.1 
1950.04      55.8 
1950.05      55.8 
1950.06      56.2 
1950.07      56.1 
1950.08      56.8 
1950.09      56.6 
1950.10      56.9 
1950.11      56.9 
1950.12      56.7 
1951.01      56.9 
1951.02      57.0 
1951.03      57.7 
1951.04      57.3 
1951.05      57.6 
1951.06      57.1 
1951.07      57.6 
1951.08      57.4 
1951.09      57.1 
1951.10      57.3 
1951.11      57.1 
1951.12      57.7 
1952.01      57.7 
1952.02      57.7 
1952.03      57.1 
1952.04      57.1 
1952.05      57.3 
1952.06      57.3 
1952.07      57.0 
1952.08      56.8 
1952.09      57.4 
1952.10      56.9 
1952.11      57.5 
1952.12      57.6 
1953.01      57.8 
1953.02      58.0 
1953.03      58.1 
1953.04      57.5 
1953.05      57.1 
1953.06      57.4 
1953.07      57.4 
1953.08      57.1 
1953.09      56.8 
1953.10      56.7 
1953.11      56.5 
1953.12      55.7 
1954.01      55.7 
1954.02      56.2 
1954.03      55.7 
1954.04      55.7 
1954.05      55.4 
1954.06      55.2 
1954.07      55.0 
1954.08      55.2 
1954.09      55.5 
1954.10      55.5 
1954.11      55.5 
1954.12      55.2 
1955.01      55.7 
1955.02      55.7 
1955.03      55.8 
1955.04      56.2 
1955.05      56.3 
1955.06      56.3 
1955.07      56.9 
1955.08      57.1 
1955.09      57.2 
1955.10      57.2 
1955.11      57.4 
1955.12      57.7 
1956.01      57.8 
1956.02      57.5 
1956.03      57.3 
1956.04      57.5 
1956.05      57.6 
1956.06      57.5 
1956.07      57.5 
1956.08      57.6 
1956.09      57.6 
1956.10      57.5 
1956.11      57.3 
1956.12      57.3 
1957.01      57.0 
1957.02      57.5 
1957.03      57.6 
1957.04      57.2 
1957.05      57.1 
1957.06      57.2 
1957.07      57.5 
1957.08      56.9 
1957.09      57.0 
1957.10      56.8 
1957.11      56.4 
1957.12      56.6 
1958.01      55.9 
1958.02      55.5 
1958.03      55.3 
1958.04      55.2 
1958.05      55.4 
1958.06      55.2 
1958.07      55.2 
1958.08      55.4 
1958.09      55.4 
1958.10      55.6 
1958.11      55.5 
1958.12      55.5 
1959.01      55.7 
1959.02      55.5 
1959.03      56.0 
1959.04      56.3 
1959.05      56.2 
1959.06      56.3 
1959.07      56.3 
1959.08      56.1 
1959.09      56.0 
1959.10      56.1 
1959.11      55.7 
1959.12      56.3 
1960.01      56.0 
1960.02      56.2 
1960.03      55.4 
1960.04      56.4 
1960.05      56.4 
1960.06      56.5 
1960.07      56.2 
1960.08      56.1 
1960.09      56.4 
1960.10      55.8 
1960.11      56.1 
1960.12      55.7 
1961.01      55.7 
1961.02      55.5 
1961.03      55.6 
1961.04      55.2 
1961.05      55.2 
1961.06      55.6 
1961.07      55.2 
1961.08      55.3 
1961.09      55.0 
1961.10      55.3 
1961.11      55.5 
1961.12      55.3 
1962.01      55.4 
1962.02      55.7 
1962.03      55.7 
1962.04      55.4 
1962.05      55.7 
1962.06      55.6 
1962.07      55.3 
1962.08      55.7 
1962.09      55.7 
1962.10      55.5 
1962.11      55.2 
1962.12      55.2 
1963.01      55.2 
1963.02      55.1 
1963.03      55.3 
1963.04      55.5 
1963.05      55.3 
1963.06      55.3 
1963.07      55.4 
1963.08      55.4 
1963.09      55.5 
1963.10      55.5 
1963.11      55.4 
1963.12      55.3 
1964.01      55.3 
1964.02      55.6 
1964.03      55.5 
1964.04      55.9 
1964.05      56.1 
1964.06      55.6 
1964.07      55.7 
1964.08      55.7 
1964.09      55.7 
1964.10      55.6 
1964.11      55.7 
1964.12      55.6 
1965.01      55.7 
1965.02      55.7 
1965.03      55.9 
1965.04      56.0 
1965.05      56.2 
1965.06      56.1 
1965.07      56.5 
1965.08      56.3 
1965.09      56.2 
1965.10      56.4 
1965.11      56.4 
1965.12      56.6 
1966.01      56.7 
1966.02      56.6 
1966.03      56.6 
1966.04      56.8 
1966.05      56.7 
1966.06      56.9 
1966.07      56.9 
1966.08      57.0 
1966.09      57.1 
1966.10      57.1 
1966.11      57.4 
1966.12      57.3 
1967.01      57.1 
1967.02      57.0 
1967.03      56.8 
1967.04      57.1 
1967.05      57.0 
1967.06      57.3 
1967.07      57.4 
1967.08      57.4 
1967.09      57.4 
1967.10      57.5 
1967.11      57.5 
1967.12      57.6 
1968.01      57.0 
1968.02      57.3 
1968.03      57.4 
1968.04      57.4 
1968.05      57.8 
1968.06      57.8 
1968.07      57.6 
1968.08      57.5 
1968.09      57.5 
1968.10      57.5 
1968.11      57.6 
1968.12      57.7 
1969.01      57.6 
1969.02      57.9 
1969.03      57.9 
1969.04      57.9 
1969.05      57.8 
1969.06      58.0 
1969.07      58.0 
1969.08      58.1 
1969.09      58.1 
1969.10      58.1 
1969.11      58.1 
1969.12      58.1 
1970.01      58.0 
1970.02      57.9 
1970.03      57.9 
1970.04      57.9 
1970.05      57.5 
1970.06      57.3 
1970.07      57.4 
1970.08      57.2 
1970.09      57.0 
1970.10      57.0 
1970.11      56.9 
1970.12      56.7 
1971.01      56.8 
1971.02      56.6 
1971.03      56.4 
1971.04      56.6 
1971.05      56.6 
1971.06      56.2 
1971.07      56.5 
1971.08      56.6 
1971.09      56.6 
1971.10      56.6 
1971.11      56.8 
1971.12      56.8 
1972.01      56.7 
1972.02      56.7 
1972.03      56.9 
1972.04      56.9 
1972.05      57.0 
1972.06      57.0 
1972.07      57.0 
1972.08      57.1 
1972.09      57.0 
1972.10      57.0 
1972.11      57.2 
1972.12      57.3 
1973.01      57.1 
1973.02      57.5 
1973.03      57.8 
1973.04      57.7 
1973.05      57.7 
1973.06      58.0 
1973.07      57.9 
1973.08      57.8 
1973.09      57.9 
1973.10      58.1 
1973.11      58.2 
1973.12      58.2 
1974.01      58.2 
1974.02      58.2 
1974.03      58.2 
1974.04      58.0 
1974.05      58.0 
1974.06      58.0 
1974.07      58.0 
1974.08      57.8 
1974.09      57.7 
1974.10      57.6 
1974.11      57.3 
1974.12      56.9 
1975.01      56.4 
1975.02      56.1 
1975.03      56.0 
1975.04      55.9 
1975.05      56.0 
1975.06      55.8 
1975.07      56.0 
1975.08      56.1 
1975.09      56.1 
1975.10      56.1 
1975.11      56.0 
1975.12      56.1 
1976.01      56.4 
1976.02      56.5 
1976.03      56.7 
1976.04      56.8 
1976.05      57.0 
1976.06      56.8 
1976.07      57.0 
1976.08      57.0 
1976.09      56.9 
1976.10      56.9 
1976.11      57.0 
1976.12      57.0 
1977.01      57.0 
1977.02      57.2 
1977.03      57.4 
1977.04      57.6 
1977.05      57.8 
1977.06      57.9 
1977.07      57.8 
1977.08      58.0 
1977.09      58.1 
1977.10      58.2 
1977.11      58.6 
1977.12      58.7 
1978.01      58.8 
1978.02      58.8 
1978.03      58.8 
1978.04      59.2 
1978.05      59.3 
1978.06      59.5 
1978.07      59.3 
1978.08      59.4 
1978.09      59.5 
1978.10      59.7 
1978.11      59.8 
1978.12      59.8 
1979.01      59.9 
1979.02      60.1 
1979.03      60.0 
1979.04      59.8 
1979.05      59.8 
1979.06      59.9 
1979.07      60.0 
1979.08      59.8 
1979.09      60.0 
1979.10      59.9 
1979.11      60.0 
1979.12      60.1 
1980.01      60.0 
1980.02      60.0 
1980.03      59.7 
1980.04      59.4 
1980.05      59.1 
1980.06      58.9 
1980.07      58.8 
1980.08      58.8 
1980.09      58.9 
1980.10      58.9 
1980.11      59.0 
1980.12      59.0 
1981.01      59.1 
1981.02      59.2 
1981.03      59.4 
1981.04      59.6 
1981.05      59.5 
1981.06      59.0 
1981.07      59.1 
1981.08      59.1 
1981.09      58.7 
1981.10      58.8 
1981.11      58.6 
1981.12      58.2 
1982.01      58.2 
1982.02      58.2 
1982.03      58.1 
1982.04      57.9 
1982.05      58.2 
1982.06      57.8 
1982.07      57.7 
1982.08      57.8 
1982.09      57.6 
1982.10      57.4 
1982.11      57.3 
1982.12      57.2 
1983.01      57.2 
1983.02      57.1 
1983.03      57.1 
1983.04      57.3 
1983.05      57.3 
1983.06      57.8 
1983.07      58.1 
1983.08      58.2 
1983.09      58.4 
1983.10      58.4 
1983.11      58.7 
1983.12      58.8 
1984.01      58.8 
1984.02      59.1 
1984.03      59.1 
1984.04      59.3 
1984.05      59.7 
1984.06      59.9 
1984.07      59.8 
1984.08      59.6 
1984.09      59.7 
1984.10      59.7 
1984.11      59.8 
1984.12      59.9 
1985.01      59.9 
1985.02      60.0 
1985.03      60.2 
1985.04      60.1 
1985.05      60.1 
1985.06      59.8 
1985.07      59.9 
1985.08      60.0 
1985.09      60.3 
1985.10      60.3 
1985.11      60.4 
1985.12      60.4 
1986.01      60.6 
1986.02      60.3 
1986.03      60.5 
1986.04      60.5 
1986.05      60.5 
1986.06      60.7 
1986.07      60.8 
1986.08      60.8 
1986.09      60.8 
1986.10      60.9 
1986.11      60.9 
1986.12      61.0 
1987.01      61.0 
1987.02      61.1 
1987.03      61.2 
1987.04      61.3 
1987.05      61.6 
1987.06      61.4 
1987.07      61.6 
1987.08      61.8 
1987.09      61.6 
1987.10      61.8 
1987.11      61.9 
1987.12      62.0 
1988.01      62.0 
1988.02      62.1 
1988.03      61.9 
1988.04      62.2 
1988.05      62.0 
1988.06      62.3 
1988.07      62.3 
1988.08      62.4 
1988.09      62.4 
1988.10      62.5 
1988.11      62.7 
1988.12      62.6 
1989.01      62.9 
1989.02      62.9 
1989.03      62.9 
1989.04      62.9 
1989.05      62.9 
1989.06      63.0 
1989.07      63.0 
1989.08      63.1 
1989.09      62.8 
1989.10      62.9 
1989.11      63.0 
1989.12      63.0 
1990.01      63.2 
1990.02      63.2 
1990.03      63.2 
1990.04      63.0 
1990.05      63.1 
1990.06      62.9 
1990.07      62.8 
1990.08      62.7 
1990.09      62.5 
1990.10      62.5 
1990.11      62.3 
1990.12      62.2 
1991.01      62.0 
1991.02      61.9 
1991.03      61.8 
1991.04      62.0 
1991.05      61.6 
1991.06      61.7 
1991.07      61.6 
1991.08      61.5 
1991.09      61.6 
1991.10      61.5 
1991.11      61.4 
1991.12      61.2 
1992.01      61.5 
1992.02      61.3 
1992.03      61.5 
1992.04      61.6 
1992.05      61.5 
1992.06      61.5 
1992.07      61.6 
1992.08      61.6 
1992.09      61.4 
1992.10      61.3 
1992.11      61.4 
1992.12      61.4 
1993.01      61.4 
1993.02      61.4 
1993.03      61.5 
1993.04      61.5 
1993.05      61.7 
1993.06      61.8 
1993.07      61.8 
1993.08      62.0 
1993.09      61.7 
1993.10      61.8 
1993.11      61.9 
1993.12      62.0 
1994.01      62.3 
1994.02      62.3 
1994.03      62.2 
1994.04      62.3 
1994.05      62.6 
1994.06      62.4 
1994.07      62.3 
1994.08      62.6 
1994.09      62.6 
1994.10      62.8 
1994.11      63.0 
1994.12      63.0 
1995.01      63.1 
1995.02      63.1 
1995.03      63.2 
1995.04      63.1 
1995.05      62.8 
1995.06      62.8 
1995.07      62.8 
1995.08      62.7 
1995.09      62.8 
1995.10      62.9 
1995.11      62.8 
1995.12      62.7 
1996.01      62.8 
1996.02      62.9 
1996.03      63.1 
1996.04      63.0 
1996.05      63.1 
1996.06      63.2 
1996.07      63.2 
1996.08      63.2 
1996.09      63.3 
1996.10      63.4 
1996.11      63.4 
1996.12      63.4 
1997.01      63.6 
1997.02      63.5 
1997.03      63.8 
1997.04      63.8 
1997.05      63.9 
1997.06      63.7 
1997.07      63.8 
1997.08      63.8 
