manemp -- Employees on Nonfarm Payrolls: Manufacturing (SA, Thous)                   

   DATE    MANEMP

1946.01     13848
1946.02     13052
1946.03     13760
1946.04     14430
1946.05     14592
1946.06     14750
1946.07     14927
1946.08     15177
1946.09     15343
1946.10     15450
1946.11     15555
1946.12     15592
1947.01     15626
1947.02     15645
1947.03     15624
1947.04     15596
1947.05     15460
1947.06     15448
1947.07     15374
1947.08     15406
1947.09     15485
1947.10     15540
1947.11     15628
1947.12     15708
1948.01     15768
1948.02     15671
1948.03     15678
1948.04     15452
1948.05     15456
1948.06     15543
1948.07     15647
1948.08     15597
1948.09     15675
1948.10     15589
1948.11     15531
1948.12     15377
1949.01     15139
1949.02     14977
1949.03     14792
1949.04     14601
1949.05     14385
1949.06     14298
1949.07     14214
1949.08     14267
1949.09     14377
1949.10     13978
1949.11     13990
1949.12     14257
1950.01     14370
1950.02     14354
1950.03     14467
1950.04     14638
1950.05     14970
1950.06     15133
1950.07     15337
1950.08     15686
1950.09     15810
1950.10     15985
1950.11     16033
1950.12     16095
1951.01     16305
1951.02     16444
1951.03     16467
1951.04     16516
1951.05     16500
1951.06     16515
1951.07     16479
1951.08     16353
1951.09     16259
1951.10     16246
1951.11     16295
1951.12     16366
1952.01     16420
1952.02     16472
1952.03     16477
1952.04     16522
1952.05     16471
1952.06     16131
1952.07     16028
1952.08     16583
1952.09     16850
1952.10     17038
1952.11     17229
1952.12     17362
1953.01     17490
1953.02     17599
1953.03     17722
1953.04     17766
1953.05     17797
1953.06     17795
1953.07     17789
1953.08     17669
1953.09     17565
1953.10     17368
1953.11     17117
1953.12     16951
1954.01     16794
1954.02     16653
1954.03     16562
1954.04     16417
1954.05     16303
1954.06     16227
1954.07     16060
1954.08     16010
1954.09     16082
1954.10     16140
1954.11     16243
1954.12     16284
1955.01     16355
1955.02     16473
1955.03     16615
1955.04     16752
1955.05     16869
1955.06     16972
1955.07     16942
1955.08     16997
1955.09     16997
1955.10     17130
1955.11     17215
1955.12     17274
1956.01     17297
1956.02     17304
1956.03     17234
1956.04     17318
1956.05     17282
1956.06     17227
1956.07     16762
1956.08     17202
1956.09     17229
1956.10     17366
1956.11     17331
1956.12     17398
1957.01     17399
1957.02     17408
1957.03     17405
1957.04     17356
1957.05     17302
1957.06     17269
1957.07     17227
1957.08     17169
1957.09     17082
1957.10     16992
1957.11     16828
1957.12     16711
1958.01     16500
1958.02     16225
1958.03     15964
1958.04     15752
1958.05     15654
1958.06     15687
1958.07     15712
1958.08     15788
1958.09     15917
1958.10     15801
1958.11     16132
1958.12     16208
1959.01     16351
1959.02     16443
1959.03     16612
1959.04     16733
1959.05     16848
1959.06     16962
1959.07     16996
1959.08     16544
1959.09     16560
1959.10     16466
1959.11     16639
1959.12     16959
1960.01     17095
1960.02     17155
1960.03     17098
1960.04     17043
1960.05     16961
1960.06     16871
1960.07     16795
1960.08     16734
1960.09     16635
1960.10     16530
1960.11     16426
1960.12     16247
1961.01     16163
1961.02     16072
1961.03     16097
1961.04     16138
1961.05     16262
1961.06     16336
1961.07     16355
1961.08     16426
1961.09     16406
1961.10     16439
1961.11     16585
1961.12     16637
1962.01     16653
1962.02     16738
1962.03     16790
1962.04     16900
1962.05     16886
1962.06     16900
1962.07     16895
1962.08     16912
1962.09     16910
1962.10     16918
1962.11     16883
1962.12     16857
1963.01     16891
1963.02     16875
1963.03     16912
1963.04     16980
1963.05     17025
1963.06     16992
1963.07     17016
1963.08     17027
1963.09     17047
1963.10     17079
1963.11     17042
1963.12     17070
1964.01     17074
1964.02     17108
1964.03     17139
1964.04     17181
1964.05     17202
1964.06     17217
1964.07     17277
1964.08     17341
1964.09     17482
1964.10     17204
1964.11     17502
1964.12     17590
1965.01     17652
1965.02     17712
1965.03     17780
1965.04     17863
1965.05     17910
1965.06     17984
1965.07     18114
1965.08     18165
1965.09     18266
1965.10     18314
1965.11     18445
1965.12     18541
1966.01     18633
1966.02     18812
1966.03     18924
1966.04     19051
1966.05     19145
1966.06     19269
1966.07     19313
1966.08     19419
1966.09     19389
1966.10     19483
1966.11     19550
1966.12     19571
1967.01     19586
1967.02     19543
1967.03     19483
1967.04     19434
1967.05     19371
1967.06     19365
1967.07     19351
1967.08     19369
1967.09     19357
1967.10     19351
1967.11     19567
1967.12     19602
1968.01     19599
1968.02     19623
1968.03     19624
1968.04     19702
1968.05     19745
1968.06     19800
1968.07     19805
1968.08     19822
1968.09     19815
1968.10     19880
1968.11     19941
1968.12     20009
1969.01     20019
1969.02     20101
1969.03     20164
1969.04     20157
1969.05     20170
1969.06     20235
1969.07     20282
1969.08     20289
1969.09     20251
1969.10     20220
1969.11     20058
1969.12     20072
1970.01     20004
1970.02     19940
1970.03     19934
1970.04     19788
1970.05     19558
1970.06     19456
1970.07     19403
1970.08     19265
1970.09     19202
1970.10     18646
1970.11     18493
1970.12     18768
1971.01     18737
1971.02     18679
1971.03     18602
1971.04     18616
1971.05     18673
1971.06     18599
1971.07     18564
1971.08     18513
1971.09     18617
1971.10     18589
1971.11     18637
1971.12     18654
1972.01     18730
1972.02     18824
1972.03     18909
1972.04     18989
1972.05     19069
1972.06     19139
1972.07     19086
1972.08     19161
1972.09     19244
1972.10     19418
1972.11     19558
1972.12     19703
1973.01     19808
1973.02     19957
1973.03     20031
1973.04     20077
1973.05     20104
1973.06     20167
1973.07     20145
1973.08     20202
1973.09     20185
1973.10     20323
1973.11     20408
1973.12     20431
1974.01     20359
1974.02     20284
1974.03     20242
1974.04     20260
1974.05     20244
1974.06     20258
1974.07     20250
1974.08     20157
1974.09     20089
1974.10     19978
1974.11     19663
1974.12     19185
1975.01     18769
1975.02     18397
1975.03     18216
1975.04     18134
1975.05     18139
1975.06     18091
1975.07     18060
1975.08     18205
1975.09     18350
1975.10     18447
1975.11     18473
1975.12     18567
1976.01     18703
1976.02     18798
1976.03     18887
1976.04     18999
1976.05     18985
1976.06     18992
1976.07     19015
1976.08     19031
1976.09     19152
1976.10     19049
1976.11     19161
1976.12     19186
1977.01     19276
1977.02     19321
1977.03     19436
1977.04     19546
1977.05     19639
1977.06     19723
1977.07     19799
1977.08     19796
1977.09     19851
1977.10     19878
1977.11     19926
1977.12     20057
1978.01     20145
1978.02     20203
1978.03     20277
1978.04     20358
1978.05     20413
1978.06     20491
1978.07     20523
1978.08     20570
1978.09     20616
1978.10     20729
1978.11     20851
1978.12     20956
1979.01     21019
1979.02     21043
1979.03     21102
1979.04     21092
1979.05     21110
1979.06     21162
1979.07     21148
1979.08     21003
1979.09     21012
1979.10     20998
1979.11     20908
1979.12     20929
1980.01     20892
1980.02     20834
1980.03     20833
1980.04     20573
1980.05     20258
1980.06     20003
1980.07     19777
1980.08     19929
1980.09     19959
1980.10     20048
1980.11     20146
1980.12     20199
1981.01     20236
1981.02     20197
1981.03     20227
1981.04     20274
1981.05     20277
1981.06     20286
1981.07     20278
1981.08     20219
1981.09     20240
1981.10     20119
1981.11     19960
1981.12     19756
1982.01     19555
1982.02     19479
1982.03     19344
1982.04     19136
1982.05     19013
1982.06     18828
1982.07     18663
1982.08     18519
1982.09     18471
1982.10     18242
1982.11     18095
1982.12     18047
1983.01     18062
1983.02     18060
1983.03     18077
1983.04     18159
1983.05     18260
1983.06     18330
1983.07     18443
1983.08     18495
1983.09     18654
1983.10     18788
1983.11     18901
1983.12     18972
1984.01     19066
1984.02     19172
1984.03     19263
1984.04     19329
1984.05     19372
1984.06     19420
1984.07     19484
1984.08     19498
1984.09     19462
1984.10     19480
1984.11     19467
1984.12     19483
1985.01     19472
1985.02     19420
1985.03     19393
1985.04     19328
1985.05     19285
1985.06     19246
1985.07     19200
1985.08     19186
1985.09     19124
1985.10     19124
1985.11     19108
1985.12     19110
1986.01     19105
1986.02     19077
1986.03     19039
1986.04     19016
1986.05     18986
1986.06     18924
1986.07     18883
1986.08     18881
1986.09     18879
1986.10     18860
1986.11     18860
1986.12     18867
1987.01     18852
1987.02     18890
1987.03     18899
1987.04     18909
1987.05     18924
1987.06     18920
1987.07     18976
1987.08     19021
1987.09     19072
1987.10     19117
1987.11     19183
1987.12     19216
1988.01     19204
1988.02     19240
1988.03     19261
1988.04     19285
1988.05     19302
1988.06     19325
1988.07     19333
1988.08     19300
1988.09     19321
1988.10     19363
1988.11     19410
1988.12     19437
1989.01     19466
1989.02     19471
1989.03     19483
1989.04     19472
1989.05     19453
1989.06     19421
1989.07     19382
1989.08     19374
1989.09     19327
1989.10     19284
1989.11     19290
1989.12     19268
1990.01     19140
1990.02     19254
1990.03     19238
1990.04     19220
1990.05     19181
1990.06     19159
1990.07     19118
1990.08     19067
1990.09     19016
1990.10     18955
1990.11     18797
1990.12     18754
1991.01     18660
1991.02     18549
1991.03     18473
1991.04     18432
1991.05     18413
1991.06     18383
1991.07     18365
1991.08     18384
1991.09     18360
1991.10     18326
1991.11     18285
1991.12     18229
1992.01     18151
1992.02     18125
1992.03     18103
1992.04     18133
1992.05     18140
1992.06     18132
1992.07     18123
1992.08     18097
1992.09     18074
1992.10     18064
1992.11     18060
1992.12     18069
1993.01     18103
1993.02     18108
1993.03     18094
1993.04     18073
1993.05     18067
1993.06     18046
1993.07     18030
1993.08     18046
1993.09     18072
1993.10     18076
1993.11     18095
1993.12     18113
1994.01     18145
1994.02     18172
1994.03     18200
1994.04     18235
1994.05     18263
1994.06     18309
1994.07     18332
1994.08     18378
1994.09     18406
1994.10     18436
1994.11     18476
1994.12     18515
1995.01     18543
1995.02     18561
1995.03     18561
1995.04     18572
1995.05     18548
1995.06     18533
1995.07     18502
1995.08     18511
1995.09     18508
1995.10     18483
1995.11     18478
1995.12     18503
1996.01     18460
1996.02     18498
1996.03     18460
1996.04     18465
1996.05     18469
1996.06     18468
1996.07     18442
1996.08     18461
1996.09     18427
1996.10     18442
1996.11     18442
1996.12     18448
1997.01     18465
1997.02     18475
1997.03     18489
1997.04     18495
1997.05     18498
1997.06     18518
1997.07     18501
1997.08     18548
