payems -- All Employees: Total Nonfarm Payrolls (SA, Thous)                          

   DATE    PAYEMS

1946.01     39721
1946.02     39193
1946.03     40183
1946.04     40858
1946.05     41248
1946.06     41551
1946.07     41955
1946.08     42466
1946.09     42749
1946.10     42959
1946.11     43229
1946.12     43314
1947.01     43497
1947.02     43578
1947.03     43621
1947.04     43501
1947.05     43544
1947.06     43685
1947.07     43682
1947.08     43784
1947.09     44001
1947.10     44176
1947.11     44313
1947.12     44519
1948.01     44667
1948.02     44501
1948.03     44624
1948.04     44293
1948.05     44647
1948.06     44879
1948.07     45062
1948.08     45039
1948.09     45162
1948.10     45065
1948.11     45069
1948.12     45022
1949.01     44624
1949.02     44417
1949.03     44136
1949.04     44112
1949.05     43814
1949.06     43592
1949.07     43418
1949.08     43479
1949.09     43699
1949.10     42805
1949.11     43142
1949.12     43491
1950.01     43469
1950.02     43192
1950.03     43824
1950.04     44260
1950.05     44574
1950.06     44952
1950.07     45360
1950.08     46024
1950.09     46301
1950.10     46528
1950.11     46653
1950.12     46752
1951.01     47230
1951.02     47531
1951.03     47794
1951.04     47760
1951.05     47805
1951.06     47913
1951.07     47925
1951.08     47794
1951.09     47748
1951.10     47825
1951.11     48027
1951.12     48122
1952.01     48227
1952.02     48493
1952.03     48416
1952.04     48509
1952.05     48474
1952.06     48125
1952.07     47999
1952.08     48686
1952.09     49085
1952.10     49434
1952.11     49719
1952.12     49937
1953.01     50045
1953.02     50273
1953.03     50382
1953.04     50314
1953.05     50358
1953.06     50389
1953.07     50382
1953.08     50271
1953.09     50226
1953.10     50108
1953.11     49825
1953.12     49625
1954.01     49341
1954.02     49276
1954.03     49046
1954.04     49039
1954.05     48852
1954.06     48791
1954.07     48689
1954.08     48643
1954.09     48765
1954.10     48828
1954.11     49103
1954.12     49234
1955.01     49354
1955.02     49523
1955.03     49851
1955.04     50104
1955.05     50404
1955.06     50693
1955.07     50811
1955.08     50929
1955.09     51103
1955.10     51323
1955.11     51507
1955.12     51714
1956.01     51863
1956.02     52093
1956.03     52228
1956.04     52232
1956.05     52365
1956.06     52433
1956.07     51746
1956.08     52382
1956.09     52439
1956.10     52674
1956.11     52752
1956.12     52908
1957.01     52808
1957.02     53003
1957.03     53062
1957.04     53053
1957.05     52996
1957.06     52941
1957.07     52972
1957.08     52913
1957.09     52816
1957.10     52663
1957.11     52482
1957.12     52307
1958.01     52003
1958.02     51441
1958.03     51142
1958.04     50807
1958.05     50770
1958.06     50801
1958.07     50911
1958.08     51113
1958.09     51355
1958.10     51378
1958.11     51814
1958.12     51986
1959.01     52408
1959.02     52568
1959.03     52883
1959.04     53132
1959.05     53422
1959.06     53584
1959.07     53663
1959.08     53220
1959.09     53257
1959.10     53196
1959.11     53509
1959.12     54040
1960.01     54185
1960.02     54414
1960.03     54287
1960.04     54634
1960.05     54362
1960.06     54276
1960.07     54214
1960.08     54198
1960.09     54063
1960.10     53982
1960.11     53845
1960.12     53577
1961.01     53534
1961.02     53380
1961.03     53510
1961.04     53462
1961.05     53677
1961.06     53916
1961.07     54027
1961.08     54222
1961.09     54285
1961.10     54376
1961.11     54622
1961.12     54744
1962.01     54709
1962.02     55018
1962.03     55107
1962.04     55459
1962.05     55514
1962.06     55561
1962.07     55643
1962.08     55778
1962.09     55849
1962.10     55912
1962.11     55936
1962.12     55918
1963.01     55935
1963.02     56055
1963.03     56153
1963.04     56454
1963.05     56513
1963.06     56563
1963.07     56688
1963.08     56823
1963.09     56962
1963.10     57152
1963.11     57126
1963.12     57252
1964.01     57269
1964.02     57603
1964.03     57732
1964.04     57784
1964.05     57975
1964.06     58121
1964.07     58311
1964.08     58510
1964.09     58798
1964.10     58691
1964.11     59114
1964.12     59335
1965.01     59398
1965.02     59683
1965.03     59864
1965.04     60124
1965.05     60363
1965.06     60595
1965.07     60860
1965.08     61085
1965.09     61367
1965.10     61578
1965.11     61882
1965.12     62230
1966.01     62386
1966.02     62720
1966.03     63087
1966.04     63317
1966.05     63560
1966.06     63978
1966.07     64185
1966.08     64344
1966.09     64433
1966.10     64655
1966.11     64854
1966.12     65076
1967.01     65215
1967.02     65208
1967.03     65338
1967.04     65323
1967.05     65478
1967.06     65654
1967.07     65831
1967.08     65964
1967.09     66089
1967.10     66111
1967.11     66591
1967.12     66776
1968.01     66606
1968.02     67029
1968.03     67132
1968.04     67417
1968.05     67495
1968.06     67783
1968.07     68003
1968.08     68219
1968.09     68365
1968.10     68603
1968.11     68855
1968.12     69161
1969.01     69272
1969.02     69542
1969.03     69791
1969.04     69948
1969.05     70180
1969.06     70498
1969.07     70668
1969.08     70799
1969.09     70833
1969.10     70993
1969.11     70941
1969.12     71127
1970.01     71018
1970.02     71165
1970.03     71347
1970.04     71251
1970.05     70993
1970.06     70905
1970.07     70969
1970.08     70789
1970.09     70857
1970.10     70416
1970.11     70296
1970.12     70666
1971.01     70718
1971.02     70657
1971.03     70746
1971.04     70936
1971.05     71129
1971.06     71163
1971.07     71219
1971.08     71220
1971.09     71527
1971.10     71532
1971.11     71734
1971.12     71996
1972.01     72303
1972.02     72525
1972.03     72808
1972.04     73061
1972.05     73341
1972.06     73643
1972.07     73636
1972.08     73929
1972.09     74115
1972.10     74527
1972.11     74881
1972.12     75235
1973.01     75474
1973.02     75908
1973.03     76137
1973.04     76312
1973.05     76516
1973.06     76738
1973.07     76758
1973.08     77018
1973.09     77164
1973.10     77502
1973.11     77833
1973.12     77992
1974.01     77953
1974.02     78177
1974.03     78177
1974.04     78261
1974.05     78407
1974.06     78434
1974.07     78517
1974.08     78478
1974.09     78498
1974.10     78569
1974.11     78238
1974.12     77565
1975.01     77145
1975.02     76742
1975.03     76419
1975.04     76298
1975.05     76459
1975.06     76388
1975.07     76626
1975.08     76980
1975.09     77188
1975.10     77499
1975.11     77619
1975.12     77915
1976.01     78326
1976.02     78606
1976.03     78819
1976.04     79134
1976.05     79192
1976.06     79258
1976.07     79485
1976.08     79581
1976.09     79842
1976.10     79842
1976.11     80141
1976.12     80338
1977.01     80517
1977.02     80794
1977.03     81221
1977.04     81610
1977.05     81977
1977.06     82381
1977.07     82760
1977.08     82974
1977.09     83431
1977.10     83661
1977.11     84031
1977.12     84271
1978.01     84464
1978.02     84808
1978.03     85338
1978.04     86083
1978.05     86404
1978.06     86811
1978.07     87037
1978.08     87324
1978.09     87434
1978.10     87797
1978.11     88249
1978.12     88559
1979.01     88728
1979.02     88985
1979.03     89426
1979.04     89363
1979.05     89681
1979.06     89955
1979.07     90019
1979.08     90159
1979.09     90149
1979.10     90360
1979.11     90466
1979.12     90617
1980.01     90729
1980.02     90876
1980.03     90995
1980.04     90780
1980.05     90316
1980.06     89974
1980.07     89676
1980.08     89964
1980.09     90046
1980.10     90334
1980.11     90550
1980.12     90774
1981.01     91003
1981.02     91095
1981.03     91206
1981.04     91219
1981.05     91142
1981.06     91285
1981.07     91410
1981.08     91320
1981.09     91191
1981.10     91216
1981.11     91014
1981.12     90831
1982.01     90448
1982.02     90474
1982.03     90337
1982.04     90031
1982.05     89965
1982.06     89703
1982.07     89380
1982.08     89177
1982.09     88995
1982.10     88787
1982.11     88649
1982.12     88675
1983.01     88826
1983.02     88758
1983.03     88946
1983.04     89211
1983.05     89497
1983.06     89886
1983.07     90313
1983.08     89973
1983.09     91088
1983.10     91408
1983.11     91727
1983.12     92110
1984.01     92524
1984.02     93043
1984.03     93312
1984.04     93650
1984.05     93952
1984.06     94325
1984.07     94647
1984.08     94885
1984.09     95186
1984.10     95499
1984.11     95829
1984.12     95997
1985.01     96249
1985.02     96397
1985.03     96734
1985.04     96896
1985.05     97163
1985.06     97280
1985.07     97465
1985.08     97696
1985.09     97878
1985.10     98098
1985.11     98286
1985.12     98500
1986.01     98599
1986.02     98718
1986.03     98796
1986.04     98974
1986.05     99096
1986.06     98973
1986.07     99276
1986.08     99435
1986.09     99747
1986.10     99980
1986.11    100145
1986.12    100394
1987.01    100543
1987.02    100772
1987.03    101005
1987.04    101367
1987.05    101564
1987.06    101713
1987.07    102047
1987.08    102266
1987.09    102430
1987.10    102980
1987.11    103200
1987.12    103544
1988.01    103623
1988.02    104046
1988.03    104311
1988.04    104537
1988.05    104811
1988.06    105132
1988.07    105400
1988.08    105599
1988.09    105814
1988.10    106091
1988.11    106368
1988.12    106691
1989.01    106993
1989.02    107244
1989.03    107438
1989.04    107637
1989.05    107738
1989.06    107838
1989.07    107933
1989.08    108048
1989.09    108178
1989.10    108290
1989.11    108571
1989.12    108692
1990.01    108946
1990.02    109263
1990.03    109461
1990.04    109499
1990.05    109790
1990.06    109869
1990.07    109707
1990.08    109543
1990.09    109457
1990.10    109274
1990.11    109074
1990.12    108965
1991.01    108759
1991.02    108500
1991.03    108330
1991.04    108145
1991.05    108107
1991.06    108200
1991.07    108131
1991.08    108215
1991.09    108223
1991.10    108209
1991.11    108115
1991.12    108121
1992.01    108084
1992.02    108077
1992.03    108119
1992.04    108301
1992.05    108495
1992.06    108541
1992.07    108595
1992.08    108741
1992.09    108807
1992.10    108941
1992.11    109119
1992.12    109266
1993.01    109516
1993.02    109852
1993.03    109757
1993.04    110071
1993.05    110386
1993.06    110550
1993.07    110759
1993.08    110983
1993.09    111220
1993.10    111541
1993.11    111795
1993.12    112050
1994.01    112284
1994.02    112577
1994.03    112988
1994.04    113355
1994.05    113704
1994.06    113991
1994.07    114335
1994.08    114685
1994.09    114992
1994.10    115247
1994.11    115674
1994.12    115906
1995.01    116234
1995.02    116517
1995.03    116694
1995.04    116891
1995.05    116855
1995.06    117064
1995.07    117142
1995.08    117465
1995.09    117636
1995.10    117775
1995.11    117951
1995.12    118120
1996.01    118058
1996.02    118550
1996.03    118804
1996.04    118966
1996.05    119263
1996.06    119516
1996.07    119691
1996.08    119983
1996.09    120019
1996.10    120248
1996.11    120450
1996.12    120659
1997.01    120909
1997.02    121162
1997.03    121344
1997.04    121671
1997.05    121834
1997.06    122056
1997.07    122421
1997.08    122470
