pop -- Total Population: All Ages including Armed Forces Overseas (Thousands)     

   DATE      POP

1952.01    156309
1952.02    156527
1952.03    156731
1952.04    156943
1952.05    157140
1952.06    157343
1952.07    157553
1952.08    157798
1952.09    158053
1952.10    158306
1952.11    158451
1952.12    158757
1953.01    158973
1953.02    159170
1953.03    159349
1953.04    159556
1953.05    159745
1953.06    159956
1953.07    160184
1953.08    160449
1953.09    160718
1953.10    160978
1953.11    161223
1953.12    161453
1954.01    161690
1954.02    161912
1954.03    162124
1954.04    162350
1954.05    162564
1954.06    162790
1954.07    163026
1954.08    163290
1954.09    163570
1954.10    163847
1954.11    164107
1954.12    164349
1955.01    164588
1955.02    164809
1955.03    165018
1955.04    165251
1955.05    165463
1955.06    165695
1955.07    165931
1955.08    166192
1955.09    166473
1955.10    166755
1955.11    167023
1955.12    167270
1956.01    167513
1956.02    167746
1956.03    167977
1956.04    168221
1956.05    168436
1956.06    168659
1956.07    168903
1956.08    169191
1956.09    169488
1956.10    169780
1956.11    170063
1956.12    170315
1957.01    170571
1957.02    170806
1957.03    171029
1957.04    171271
1957.05    171501
1957.06    171741
1957.07    171984
1957.08    172257
1957.09    172538
1957.10    172816
1957.11    173070
1957.12    173298
1958.01    173533
1958.02    173746
1958.03    173945
1958.04    174176
1958.05    174397
1958.06    174639
1958.07    174882
1958.08    175143
1958.09    175413
1958.10    175697
1958.11    175966
1958.12    176207
1959.01    176447
1959.02    176685
1959.03    176905
1959.04    177146
1959.05    177365
1959.06    177591
1959.07    177830
1959.08    178101
1959.09    178376
1959.10    178657
1959.11    178921
1959.12    179153
1960.01    179386
1960.02    179597
1960.03    179788
1960.04    180007
1960.05    180222
1960.06    180444
1960.07    180671
1960.08    180945
1960.09    181238
1960.10    181528
1960.11    181796
1960.12    182042
1961.01    182287
1961.02    182520
1961.03    182742
1961.04    182992
1961.05    183217
1961.06    183452
1961.07    183691
1961.08    183958
1961.09    184243
1961.10    184524
1961.11    184783
1961.12    185016
1962.01    185242
1962.02    185452
1962.03    185650
1962.04    185874
1962.05    186087
1962.06    186314
1962.07    186538
1962.08    186790
1962.09    187058
1962.10    187323
1962.11    187574
1962.12    187796
1963.01    188013
1963.02    188213
1963.03    188387
1963.04    188580
1963.05    188790
1963.06    189018
1963.07    189242
1963.08    189496
1963.09    189761
1963.10    190028
1963.11    190265
1963.12    190472
1964.01    190668
1964.02    190858
1964.03    191047
1964.04    191245
1964.05    191447
1964.06    191666
1964.07    191889
1964.08    192131
1964.09    192376
1964.10    192631
1964.11    192847
1964.12    193039
1965.01    193223
1965.02    193393
1965.03    193540
1965.04    193709
1965.05    193888
1965.06    194087
1965.07    194303
1965.08    194528
1965.09    194761
1965.10    194997
1965.11    195195
1965.12    195372
1966.01    195539
1966.02    195688
1966.03    195831
1966.04    195999
1966.05    196178
1966.06    196372
1966.07    196560
1966.08    196762
1966.09    196984
1966.10    197207
1966.11    197398
1966.12    197572
1967.01    197736
1967.02    197892
1967.03    198037
1967.04    198206
1967.05    198363
1967.06    198537
1967.07    198712
1967.08    198911
1967.09    199113
1967.10    199311
1967.11    199498
1967.12    199657
1968.01    199808
1968.02    199920
1968.03    200056
1968.04    200208
1968.05    200361
1968.06    200536
1968.07    200706
1968.08    200898
1968.09    201095
1968.10    201290
1968.11    201466
1968.12    201621
1969.01    201760
1969.02    201881
1969.03    202023
1969.04    202161
1969.05    202331
1969.06    202507
1969.07    202677
1969.08    202877
1969.09    203090
1969.10    203302
1969.11    203500
1969.12    203675
1970.01    203849
1970.02    204008
1970.03    204156
1970.04    204401
1970.05    204607
1970.06    204830
1970.07    205052
1970.08    205295
1970.09    205540
1970.10    205788
1970.11    206024
1970.12    206238
1971.01    206466
1971.02    206668
1971.03    206855
1971.04    207065
1971.05    207260
1971.06    207462
1971.07    207661
1971.08    207881
1971.09    208114
1971.10    208345
1971.11    208555
1971.12    208740
1972.01    208917
1972.02    209061
1972.03    209212
1972.04    209386
1972.05    209545
1972.06    209725
1972.07    209896
1972.08    210075
1972.09    210278
1972.10    210479
1972.11    210656
1972.12    210821
1973.01    210985
1973.02    211120
1973.03    211254
1973.04    211420
1973.05    211577
1973.06    211746
1973.07    211909
1973.08    212092
1973.09    212289
1973.10    212475
1973.11    212634
1973.12    212785
1974.01    212932
1974.02    213074
1974.03    213211
1974.04    213361
1974.05    213513
1974.06    213686
1974.07    213854
1974.08    214042
1974.09    214246
1974.10    214451
1974.11    214625
1974.12    214782
1975.01    214931
1975.02    215065
1975.03    215198
1975.04    215353
1975.05    215523
1975.06    215768
1975.07    215973
1975.08    216195
1975.09    216393
1975.10    216587
1975.11    216771
1975.12    216931
1976.01    217095
1976.02    217249
1976.03    217381
1976.04    217528
1976.05    217685
1976.06    217861
1976.07    218035
1976.08    218233
1976.09    218440
1976.10    218644
1976.11    218834
1976.12    219006
1977.01    219179
1977.02    219344
1977.03    219504
1977.04    219684
1977.05    219859
1977.06    220046
1977.07    220239
1977.08    220458
1977.09    220688
1977.10    220904
1977.11    221109
1977.12    221303
1978.01    221477
1978.02    221629
1978.03    221792
1978.04    221991
1978.05    222176
1978.06    222379
1978.07    222585
1978.08    222805
1978.09    223053
1978.10    223271
1978.11    223477
1978.12    223670
1979.01    223865
1979.02    224053
1979.03    224235
1979.04    224438
1979.05    224632
1979.06    224843
1979.07    225055
1979.08    225295
1979.09    225547
1979.10    225801
1979.11    226027
1979.12    226243
1980.01    226451
1980.02    226656
1980.03    226849
1980.04    226546
1980.05    226740
1980.06    227016
1980.07    227225
1980.08    227453
1980.09    227690
1980.10    227924
1980.11    228122
1980.12    228289
1981.01    228446
1981.02    228578
1981.03    228730
1981.04    228906
1981.05    229077
1981.06    229260
1981.07    229466
1981.08    229685
1981.09    229913
1981.10    230139
1981.11    230318
1981.12    230480
1982.01    230645
1982.02    230798
1982.03    230954
1982.04    231127
1982.05    231288
1982.06    231468
1982.07    231664
1982.08    231869
1982.09    232079
1982.10    232297
1982.11    232475
1982.12    232641
1983.01    232803
1983.02    232951
1983.03    233092
1983.04    233263
1983.05    233405
1983.06    233600
1983.07    233792
1983.08    233988
1983.09    234191
1983.10    234396
1983.11    234567
1983.12    234721
1984.01    234868
1984.02    235007
1984.03    235155
1984.04    235317
1984.05    235470
1984.06    235635
1984.07    235825
1984.08    236026
1984.09    236237
1984.10    236453
1984.11    236634
1984.12    236789
1985.01    236938
1985.02    237070
1985.03    237198
1985.04    237365
1985.05    237537
1985.06    237729
1985.07    237924
1985.08    238139
1985.09    238363
1985.10    238580
1985.11    238778
1985.12    238948
1986.01    239109
1986.02    239260
1986.03    239402
1986.04    239568
1986.05    239746
1986.06    239937
1986.07    240133
1986.08    240340
1986.09    240556
1986.10    240762
1986.11    240952
1986.12    241105
1987.01    241267
1987.02    241414
1987.03    241566
1987.04    241740
1987.05    241910
1987.06    242095
1987.07    242289
1987.08    242496
1987.09    242708
1987.10    242931
1987.11    243123
1987.12    243291
1988.01    243462
1988.02    243611
1988.03    243758
1988.04    243925
1988.05    244093
1988.06    244286
1988.07    244499
1988.08    244717
1988.09    244942
1988.10    245172
1988.11    245364
1988.12    245537
1989.01    245705
1989.02    245859
1989.03    246009
1989.04    246199
1989.05    246384
1989.06    246591
1989.07    246819
1989.08    247053
1989.09    247299
1989.10    247550
1989.11    247764
1989.12    247962
1990.01    248143
1990.02    248309
1990.03    248495
1990.04    248718
1990.05    248929
1990.06    249162
1990.07    249398
1990.08    249647
1990.09    249901
1990.10    250152
1990.11    250334
1990.12    250507
1991.01    250660
1991.02    250848
1991.03    251028
1991.04    251246
1991.05    251524
1991.06    251861
1991.07    252106
1991.08    252379
1991.09    252661
1991.10    252932
1991.11    253177
1991.12    253385
1992.01    253589
1992.02    253780
1992.03    253993
1992.04    254238
1992.05    254488
1992.06    254749
1992.07    255011
1992.08    255304
1992.09    255577
1992.10    255843
1992.11    256082
1992.12    256297
1993.01    256512
1993.02    256700
1993.03    256889
1993.04    257100
1993.05    257318
1993.06    257551
1993.07    257795
1993.08    258056
1993.09    258307
1993.10    258555
1993.11    258766
1993.12    258965
1994.01    259159
1994.02    259312
1994.03    259494
1994.04    259723
1994.05    259918
1994.06    260140
1994.07    260372
1994.08    260610
1994.09    260853
1994.10    261087
1994.11    261297
1994.12    261496
1995.01    261687
1995.02    261838
1995.03    262024
1995.04    262251
1995.05    262451
1995.06    262661
1995.07    262890
1995.08    263123
1995.09    263366
1995.10    263609
1995.11    263804
1995.12    263988
1996.01    264162
1996.02    264295
1996.03    264485
1996.04    264701
1996.05    264878
1996.06    265072
1996.07    265284
1996.08    265498
1996.09    265723
1996.10    265943
1996.11    266130
1996.12    266313
1997.01    266490
1997.02    266620
1997.03    266789
1997.04    266993
1997.05    267177
1997.06    267368
