srvprd -- All Employees: Service-Producing Industries (SA, Thousands)                

   DATE    SRVPRD

1946.02     23853
1946.03     24030
1946.04     24246
1946.05     24241
1946.06     24269
1946.07     24403
1946.08     24620
1946.09     24684
1946.10     24758
1946.11     24884
1946.12     24885
1947.01     25031
1947.02     25079
1947.03     25131
1947.04     25015
1947.05     25173
1947.06     25270
1947.07     25348
1947.08     25381
1947.09     25496
1947.10     25593
1947.11     25632
1947.12     25695
1948.01     25752
1948.02     25792
1948.03     25843
1948.04     25786
1948.05     25995
1948.06     26101
1948.07     26186
1948.08     26217
1948.09     26246
1948.10     26243
1948.11     26275
1948.12     26343
1949.01     26230
1949.02     26221
1949.03     26157
1949.04     26334
1949.05     26277
1949.06     26189
1949.07     26086
1949.08     26094
1949.09     26190
1949.10     26028
1949.11     26023
1949.12     26132
1950.01     26080
1950.02     26072
1950.03     26260
1950.04     26452
1950.05     26376
1950.06     26530
1950.07     26680
1950.08     26949
1950.09     27081
1950.10     27093
1950.11     27142
1950.12     27218
1951.01     27413
1951.02     27543
1951.03     27752
1951.04     27666
1951.05     27717
1951.06     27832
1951.07     27880
1951.08     27874
1951.09     27939
1951.10     27991
1951.11     28174
1951.12     28165
1952.01     28213
1952.02     28347
1952.03     28349
1952.04     28410
1952.05     28441
1952.06     28481
1952.07     28488
1952.08     28537
1952.09     28663
1952.10     28852
1952.11     28926
1952.12     29002
1953.01     28972
1953.02     29039
1953.03     29088
1953.04     29010
1953.05     29060
1953.06     29110
1953.07     29116
1953.08     29130
1953.09     29159
1953.10     29219
1953.11     29188
1953.12     29151
1954.01     29122
1954.02     29113
1954.03     29014
1954.04     29162
1954.05     29123
1954.06     29146
1954.07     29213
1954.08     29224
1954.09     29285
1954.10     29281
1954.11     29398
1954.12     29487
1955.01     29522
1955.02     29538
1955.03     29660
1955.04     29737
1955.05     29877
1955.06     30052
1955.07     30185
1955.08     30267
1955.09     30426
1955.10     30534
1955.11     30630
1955.12     30772
1956.01     30866
1956.02     31005
1956.03     31204
1956.04     31095
1956.05     31229
1956.06     31225
1956.07     31150
1956.08     31256
1956.09     31300
1956.10     31413
1956.11     31538
1956.12     31617
1957.01     31612
1957.02     31726
1957.03     31791
1957.04     31861
1957.05     31871
1957.06     31848
1957.07     31946
1957.08     31971
1957.09     31972
1957.10     31922
1957.11     31943
1957.12     31888
1958.01     31821
1958.02     31713
1958.03     31639
1958.04     31547
1958.05     31611
1958.06     31627
1958.07     31691
1958.08     31787
1958.09     31854
1958.10     31947
1958.11     31995
1958.12     32146
1959.01     32348
1959.02     32447
1959.03     32570
1959.04     32618
1959.05     32788
1959.06     32821
1959.07     32869
1959.08     32943
1959.09     33010
1959.10     33066
1959.11     33170
1959.12     33319
1960.01     33395
1960.02     33511
1960.03     33657
1960.04     33918
1960.05     33715
1960.06     33733
1960.07     33766
1960.08     33816
1960.09     33802
1960.10     33827
1960.11     33832
1960.12     33823
1961.01     33859
1961.02     33822
1961.03     33889
1961.04     33836
1961.05     33934
1961.06     34036
1961.07     34151
1961.08     34252
1961.09     34320
1961.10     34368
1961.11     34478
1961.12     34543
1962.01     34587
1962.02     34713
1962.03     34779
1962.04     34934
1962.05     34997
1962.06     35088
1962.07     35121
1962.08     35230
1962.09     35299
1962.10     35359
1962.11     35431
1962.12     35489
1963.01     35471
1963.02     35630
1963.03     35705
1963.04     35838
1963.05     35832
1963.06     35913
1963.07     35993
1963.08     36105
1963.09     36216
1963.10     36381
1963.11     36419
1963.12     36528
1964.01     36662
1964.02     36771
1964.03     36899
1964.04     36909
1964.05     37059
1964.06     37163
1964.07     37293
1964.08     37424
1964.09     37572
1964.10     37708
1964.11     37804
1964.12     37932
1965.01     37939
1965.02     38126
1965.03     38259
1965.04     38481
1965.05     38598
1965.06     38745
1965.07     38921
1965.08     39052
1965.09     39233
1965.10     39369
1965.11     39506
1965.12     39694
1966.01     39772
1966.02     39929
1966.03     40137
1966.04     40313
1966.05     40477
1966.06     40727
1966.07     40896
1966.08     40983
1966.09     41132
1966.10     41280
1966.11     41433
1966.12     41609
1967.01     41726
1967.02     41817
1967.03     42024
1967.04     42041
1967.05     42266
1967.06     42454
1967.07     42597
1967.08     42729
1967.09     42863
1967.10     42904
1967.11     43148
1967.12     43297
1968.01     43270
1968.02     43487
1968.03     43589
1968.04     43755
1968.05     43801
1968.06     44069
1968.07     44248
1968.08     44426
1968.09     44533
1968.10     44727
1968.11     44879
1968.12     45069
1969.01     45151
1969.02     45311
1969.03     45484
1969.04     45639
1969.05     45822
1969.06     46054
1969.07     46173
1969.08     46312
1969.09     46351
1969.10     46546
1969.11     46639
1969.12     46773
1970.01     46828
1970.02     46967
1970.03     47145
1970.04     47225
1970.05     47248
1970.06     47258
1970.07     47372
1970.08     47321
1970.09     47477
1970.10     47580
1970.11     47589
1970.12     47647
1971.01     47774
1971.02     47817
1971.03     47919
1971.04     48021
1971.05     48149
1971.06     48244
1971.07     48333
1971.08     48369
1971.09     48538
1971.10     48592
1971.11     48688
1971.12     48923
1972.01     49093
1972.02     49265
1972.03     49424
1972.04     49574
1972.05     49751
1972.06     49966
1972.07     50050
1972.08     50229
1972.09     50318
1972.10     50524
1972.11     50760
1972.12     51056
1973.01     51106
1973.02     51298
1973.03     51447
1973.04     51558
1973.05     51702
1973.06     51810
1973.07     51818
1973.08     52026
1973.09     52186
1973.10     52389
1973.11     52619
1973.12     52728
1974.01     52778
1974.02     52966
1974.03     53043
1974.04     53159
1974.05     53340
1974.06     53417
1974.07     53592
1974.08     53645
1974.09     53777
1974.10     53987
1974.11     54022
1974.12     53912
1975.01     53879
1975.02     53961
1975.03     53938
1975.04     53963
1975.05     54100
1975.06     54097
1975.07     54372
1975.08     54532
1975.09     54581
1975.10     54776
1975.11     54854
1975.12     55024
1976.01     55256
1976.02     55441
1976.03     55582
1976.04     55774
1976.05     55872
1976.06     55943
1976.07     56126
1976.08     56225
1976.09     56344
1976.10     56436
1976.11     56586
1976.12     56758
1977.01     56889
1977.02     56991
1977.03     57221
1977.04     57424
1977.05     57669
1977.06     57950
1977.07     58245
1977.08     58466
1977.09     58819
1977.10     59005
1977.11     59292
1977.12     59525
1978.01     59684
1978.02     59938
1978.03     60283
1978.04     60625
1978.05     60897
1978.06     61155
1978.07     61320
1978.08     61546
1978.09     61614
1978.10     61825
1978.11     62133
1978.12     62324
1979.01     62464
1979.02     62666
1979.03     62915
1979.04     62901
1979.05     63154
1979.06     63356
1979.07     63413
1979.08     63685
1979.09     63678
1979.10     63893
1979.11     64083
1979.12     64166
1980.01     64281
1980.02     64490
1980.03     64688
1980.04     64801
1980.05     64686
1980.06     64643
1980.07     64634
1980.08     64767
1980.09     64792
1980.10     64963
1980.11     65065
1980.12     65189
1981.01     65409
1981.02     65520
1981.03     65552
1981.04     65652
1981.05     65631
1981.06     65651
1981.07     65780
1981.08     65761
1981.09     65627
1981.10     65773
1981.11     65750
1981.12     65787
1982.01     65753
1982.02     65765
1982.03     65793
1982.04     65739
1982.05     65800
1982.06     65805
1982.07     65710
1982.08     65698
1982.09     65599
1982.10     65661
1982.11     65685
1982.12     65781
1983.01     65896
1983.02     65912
1983.03     66120
1983.04     66300
1983.05     66456
1983.06     66714
1983.07     66979
1983.08     66543
1983.09     67460
1983.10     67599
1983.11     67766
1983.12     68052
1984.01     68325
1984.02     68613
1984.03     68816
1984.04     69064
1984.05     69277
1984.06     69542
1984.07     69782
1984.08     69988
1984.09     70293
1984.10     70590
1984.11     70912
1984.12     71034
1985.01     71281
1985.02     71483
1985.03     71781
1985.04     71978
1985.05     72270
1985.06     72437
1985.07     72679
1985.08     72901
1985.09     73117
1985.10     73330
1985.11     73532
1985.12     73735
1986.01     73812
1986.02     73980
1986.03     74117
1986.04     74323
1986.05     74529
1986.06     74501
1986.07     74845
1986.08     75006
1986.09     75332
1986.10     75573
1986.11     75738
1986.12     75948
1987.01     76099
1987.02     76260
1987.03     76488
1987.04     76825
1987.05     76978
1987.06     77129
1987.07     77404
1987.08     77560
1987.09     77669
1987.10     78124
1987.11     78267
1987.12     78552
1988.01     78713
1988.02     79056
1988.03     79254
1988.04     79439
1988.05     79700
1988.06     79976
1988.07     80230
1988.08     80463
1988.09     80657
1988.10     80898
1988.11     81132
1988.12     81426
1989.01     81653
1989.02     81941
1989.03     82130
1989.04     82314
1989.05     82435
1989.06     82584
1989.07     82711
1989.08     82797
1989.09     82978
1989.10     83107
1989.11     83355
1989.12     83555
1990.01     83832
1990.02     83996
1990.03     84249
1990.04     84376
1990.05     84716
1990.06     84838
1990.07     84757
1990.08     84682
1990.09     84674
1990.10     84617
1990.11     84614
1990.12     84590
1991.01     84584
1991.02     84442
1991.03     84404
1991.04     84323
1991.05     84316
1991.06     84459
1991.07     84443
1991.08     84528
1991.09     84575
1991.10     84635
1991.11     84648
1991.12     84712
1992.01     84767
1992.02     84814
1992.03     84880
1992.04     85043
1992.05     85221
1992.06     85294
1992.07     85368
1992.08     85532
1992.09     85629
1992.10     85762
1992.11     85937
1992.12     86057
1993.01     86271
1993.02     86517
1993.03     86496
1993.04     86809
1993.05     87065
1993.06     87246
1993.07     87446
1993.08     87638
1993.09     87833
1993.10     88106
1993.11     88319
1993.12     88516
1994.01     88713
1994.02     88948
1994.03     89290
1994.04     89570
1994.05     89872
1994.06     90102
1994.07     90402
1994.08     90695
1994.09     90939
1994.10     91160
1994.11     91507
1994.12     91689
1995.01     91970
1995.02     92235
1995.03     92416
1995.04     92594
1995.05     92611
1995.06     92813
1995.07     92912
1995.08     93204
1995.09     93346
1995.10     93491
1995.11     93664
1995.12     93812
1996.01     93811
1996.02     94167
1996.03     94427
1996.04     94568
1996.05     94831
1996.06     95063
1996.07     95258
1996.08     95515
1996.09     95580
1996.10     95769
1996.11     95942
1996.12     96119
1997.01     96328
1997.02     96509
1997.03     96674
1997.04     97004
1997.05     97132
1997.06     97342
1997.07     97725
1997.08     97719
