uemplt5 -- Civilians Unemployed for Less Than 5 Weeks (SA, Thous.)                    

   DATE    UEMPLT5

1948.01      1188 
1948.02      1377 
1948.03      1279 
1948.04      1461 
1948.05      1146 
1948.06      1287 
1948.07      1259 
1948.08      1511 
1948.09      1245 
1948.10      1210 
1948.11      1251 
1948.12      1432 
1949.01      1510 
1949.02      1603 
1949.03      1631 
1949.04      1652 
1949.05      1884 
1949.06      1729 
1949.07      1852 
1949.08      1874 
1949.09      1651 
1949.10      2332 
1949.11      1747 
1949.12      1748 
1950.01      1780 
1950.02      1600 
1950.03      1503 
1950.04      1472 
1950.05      1464 
1950.06      1468 
1950.07      1411 
1950.08      1251 
1950.09      1272 
1950.10      1262 
1950.11      1354 
1950.12      1459 
1951.01      1115 
1951.02      1107 
1951.03      1215 
1951.04      1160 
1951.05      1125 
1951.06      1125 
1951.07      1183 
1951.08      1184 
1951.09      1294 
1951.10      1279 
1951.11      1233 
1951.12      1138 
1952.01      1066 
1952.02      1181 
1952.03      1150 
1952.04      1137 
1952.05      1179 
1952.06      1196 
1952.07      1187 
1952.08      1270 
1952.09      1130 
1952.10      1050 
1952.11      1017 
1952.12      1044 
1953.01      1059 
1953.02      1068 
1953.03      1029 
1953.04      1131 
1953.05       973 
1953.06       985 
1953.07      1002 
1953.08      1076 
1953.09      1163 
1953.10      1242 
1953.11      1307 
1953.12      1761 
1954.01      1631 
1954.02      1706 
1954.03      1729 
1954.04      1725 
1954.05      1643 
1954.06      1573 
1954.07      1623 
1954.08      1587 
1954.09      1640 
1954.10      1535 
1954.11      1457 
1954.12      1414 
1955.01      1398 
1955.02      1296 
1955.03      1184 
1955.04      1301 
1955.05      1295 
1955.06      1305 
1955.07      1282 
1955.08      1445 
1955.09      1357 
1955.10      1429 
1955.11      1386 
1955.12      1338 
1956.01      1336 
1956.02      1289 
1956.03      1502 
1956.04      1353 
1956.05      1483 
1956.06      1505 
1956.07      1469 
1956.08      1376 
1956.09      1356 
1956.10      1319 
1956.11      1481 
1956.12      1446 
1957.01      1373 
1957.02      1293 
1957.03      1241 
1957.04      1335 
1957.05      1423 
1957.06      1392 
1957.07      1366 
1957.08      1395 
1957.09      1484 
1957.10      1399 
1957.11      1598 
1957.12      1585 
1958.01      1701 
1958.02      1883 
1958.03      1933 
1958.04      1881 
1958.05      1855 
1958.06      1755 
1958.07      1818 
1958.08      1760 
1958.09      1626 
1958.10      1643 
1958.11      1531 
1958.12      1692 
1959.01      1574 
1959.02      1554 
1959.03      1459 
1959.04      1494 
1959.05      1479 
1959.06      1522 
1959.07      1591 
1959.08      1607 
1959.09      1602 
1959.10      1750 
1959.11      1745 
1959.12      1657 
1960.01      1638 
1960.02      1431 
1960.03      1666 
1960.04      1735 
1960.05      1718 
1960.06      1738 
1960.07      1709 
1960.08      1746 
1960.09      1677 
1960.10      1766 
1960.11      1718 
1960.12      2102 
1961.01      1884 
1961.02      2037 
1961.03      1863 
1961.04      1729 
1961.05      1748 
1961.06      1841 
1961.07      1789 
1961.08      1701 
1961.09      1859 
1961.10      1811 
1961.11      1638 
1961.12      1734 
1962.01      1701 
1962.02      1504 
1962.03      1721 
1962.04      1629 
1962.05      1543 
1962.06      1598 
1962.07      1592 
1962.08      1731 
1962.09      1749 
1962.10      1636 
1962.11      1838 
1962.12      1732 
1963.01      1730 
1963.02      1858 
1963.03      1701 
1963.04      1717 
1963.05      1870 
1963.06      1719 
1963.07      1693 
1963.08      1677 
1963.09      1695 
1963.10      1738 
1963.11      1859 
1963.12      1774 
1964.01      1805 
1964.02      1708 
1964.03      1783 
1964.04      1767 
1964.05      1681 
1964.06      1719 
1964.07      1486 
1964.08      1696 
1964.09      1703 
1964.10      1754 
1964.11      1596 
1964.12      1672 
1965.01      1626 
1965.02      1743 
1965.03      1702 
1965.04      1747 
1965.05      1670 
1965.06      1656 
1965.07      1654 
1965.08      1613 
1965.09      1627 
1965.10      1533 
1965.11      1531 
1965.12      1436 
1966.01      1523 
1966.02      1505 
1966.03      1523 
1966.04      1563 
1966.05      1631 
1966.06      1647 
1966.07      1640 
1966.08      1622 
1966.09      1555 
1966.10      1541 
1966.11      1499 
1966.12      1582 
1967.01      1608 
1967.02      1596 
1967.03      1586 
1967.04      1547 
1967.05      1581 
1967.06      1704 
1967.07      1642 
1967.08      1595 
1967.09      1667 
1967.10      1730 
1967.11      1680 
1967.12      1616 
1968.01      1458 
1968.02      1710 
1968.03      1651 
1968.04      1436 
1968.05      1567 
1968.06      1755 
1968.07      1647 
1968.08      1645 
1968.09      1534 
1968.10      1507 
1968.11      1593 
1968.12      1527 
1969.01      1554 
1969.02      1442 
1969.03      1603 
1969.04      1600 
1969.05      1649 
1969.06      1664 
1969.07      1686 
1969.08      1637 
1969.09      1693 
1969.10      1814 
1969.11      1580 
1969.12      1585 
1970.01      1800 
1970.02      1950 
1970.03      1978 
1970.04      2139 
1970.05      2109 
1970.06      2100 
1970.07      2132 
1970.08      2182 
1970.09      2235 
1970.10      2386 
1970.11      2338 
1970.12      2369 
1971.01      2302 
1971.02      2178 
1971.03      2144 
1971.04      2206 
1971.05      2229 
1971.06      2180 
1971.07      2210 
1971.08      2337 
1971.09      2301 
1971.10      2222 
1971.11      2304 
1971.12      2320 
1972.01      2324 
1972.02      2111 
1972.03      2303 
1972.04      2229 
1972.05      2192 
1972.06      2279 
1972.07      2248 
1972.08      2285 
1972.09      2353 
1972.10      2351 
1972.11      2191 
1972.12      2003 
1973.01      2035 
1973.02      2259 
1973.03      2136 
1973.04      2260 
1973.05      2223 
1973.06      2322 
1973.07      2271 
1973.08      2290 
1973.09      2211 
1973.10      2063 
1973.11      2288 
1973.12      2332 
1974.01      2400 
1974.02      2432 
1974.03      2413 
1974.04      2337 
1974.05      2457 
1974.06      2497 
1974.07      2526 
1974.08      2609 
1974.09      2723 
1974.10      2723 
1974.11      3052 
1974.12      3125 
1975.01      3293 
1975.02      2947 
1975.03      3193 
1975.04      2915 
1975.05      3051 
1975.06      2872 
1975.07      2882 
1975.08      2808 
1975.09      2878 
1975.10      2962 
1975.11      2718 
1975.12      2762 
1976.01      2749 
1976.02      2799 
1976.03      2628 
1976.04      2938 
1976.05      2795 
1976.06      2787 
1976.07      2965 
1976.08      2893 
1976.09      2910 
1976.10      2945 
1976.11      2826 
1976.12      2921 
1977.01      2894 
1977.02      3015 
1977.03      2993 
1977.04      3015 
1977.05      2754 
1977.06      3138 
1977.07      2859 
1977.08      2896 
1977.09      2883 
1977.10      2883 
1977.11      2924 
1977.12      2729 
1978.01      2824 
1978.02      2764 
1978.03      2871 
1978.04      2750 
1978.05      2870 
1978.06      2788 
1978.07      3069 
1978.08      2858 
1978.09      2941 
1978.10      2786 
1978.11      2903 
1978.12      2978 
1979.01      2791 
1979.02      2899 
1979.03      2843 
1979.04      2938 
1979.05      2773 
1979.06      2947 
1979.07      2890 
1979.08      3296 
1979.09      2946 
1979.10      3039 
1979.11      3030 
1979.12      3013 
1980.01      3215 
1980.02      3134 
1980.03      3097 
1980.04      3374 
1980.05      3754 
1980.06      3409 
1980.07      3458 
1980.08      3415 
1980.09      3150 
1980.10      3236 
1980.11      3146 
1980.12      3097 
1981.01      3318 
1981.02      3287 
1981.03      3328 
1981.04      3185 
1981.05      3409 
1981.06      3340 
1981.07      3307 
1981.08      3320 
1981.09      3493 
1981.10      3656 
1981.11      3812 
1981.12      3949 
1982.01      3924 
1982.02      3808 
1982.03      3896 
1982.04      3951 
1982.05      3885 
1982.06      3606 
1982.07      3929 
1982.08      3895 
1982.09      3966 
1982.10      3873 
1982.11      3974 
1982.12      3939 
1983.01      3654 
1983.02      3717 
1983.03      3502 
1983.04      3539 
1983.05      3531 
1983.06      3686 
1983.07      3459 
1983.08      3632 
1983.09      3768 
1983.10      3491 
1983.11      3347 
1983.12      3455 
1984.01      3309 
1984.02      3327 
1984.03      3335 
1984.04      3362 
1984.05      3167 
1984.06      3261 
1984.07      3392 
1984.08      3567 
1984.09      3325 
1984.10      3423 
1984.11      3392 
1984.12      3371 
1985.01      3667 
1985.02      3471 
1985.03      3519 
1985.04      3499 
1985.05      3503 
1985.06      3538 
1985.07      3555 
1985.08      3439 
1985.09      3494 
1985.10      3424 
1985.11      3463 
1985.12      3393 
1986.01      3333 
1986.02      3516 
1986.03      3540 
1986.04      3598 
1986.05      3586 
1986.06      3489 
1986.07      3446 
1986.08      3439 
1986.09      3405 
1986.10      3416 
1986.11      3343 
1986.12      3297 
1987.01      3390 
1987.02      3323 
1987.03      3386 
1987.04      3162 
1987.05      3315 
1987.06      3167 
1987.07      3217 
1987.08      3191 
1987.09      3224 
1987.10      3241 
1987.11      3172 
1987.12      3178 
1988.01      3086 
1988.02      3057 
1988.03      3042 
1988.04      3107 
1988.05      3095 
1988.06      3101 
1988.07      2998 
1988.08      3172 
1988.09      3152 
1988.10      3106 
1988.11      3097 
1988.12      2972 
1989.01      3146 
1989.02      3194 
1989.03      3042 
1989.04      3110 
1989.05      3052 
1989.06      3303 
1989.07      3173 
1989.08      3090 
1989.09      3214 
1989.10      3218 
1989.11      3247 
1989.12      3275 
1990.01      3189 
1990.02      3223 
1990.03      3206 
1990.04      3269 
1990.05      3117 
1990.06      3151 
1990.07      3221 
1990.08      3320 
1990.09      3280 
1990.10      3347 
1990.11      3442 
1990.12      3462 
1991.01      3470 
1991.02      3585 
1991.03      3539 
1991.04      3400 
1991.05      3621 
1991.06      3428 
1991.07      3422 
1991.08      3446 
1991.09      3478 
1991.10      3473 
1991.11      3460 
1991.12      3473 
1992.01      3398 
1992.02      3277 
1992.03      3412 
1992.04      3296 
1992.05      3417 
1992.06      3518 
1992.07      3438 
1992.08      3436 
1992.09      3428 
1992.10      3356 
1992.11      3317 
1992.12      3189 
1993.01      3299 
1993.02      3461 
1993.03      3260 
1993.04      3350 
1993.05      3363 
1993.06      3218 
1993.07      3292 
1993.08      3176 
1993.09      3127 
1993.10      3336 
1993.11      3087 
1993.12      3246 
1994.01      3229 
1994.02      2647 
1994.03      2794 
1994.04      2802 
1994.05      2648 
1994.06      2758 
1994.07      2776 
1994.08      2671 
1994.09      2660 
1994.10      2501 
1994.11      2579 
1994.12      2584 
1995.01      2813 
1995.02      2582 
1995.03      2589 
1995.04      2669 
1995.05      2595 
1995.06      2744 
1995.07      2573 
1995.08      2747 
1995.09      2848 
1995.10      2808 
1995.11      2739 
1995.12      2683 
1996.01      2774 
1996.02      2736 
1996.03      2632 
1996.04      2450 
1996.05      2754 
1996.06      2544 
1996.07      2603 
1996.08      2534 
1996.09      2522 
1996.10      2556 
1996.11      2819 
1996.12      2671 
1997.01      2801 
1997.02      2591 
1997.03      2650 
1997.04      2354 
1997.05      2523 
1997.06      2538 
1997.07      2352 
1997.08      2598 
