uempmed -- Median Duration of Unemployment (SA, Weeks)                                

   DATE    UEMPMED

1967.01       0.0 
1967.02       0.0 
1967.03       0.0 
1967.04       0.0 
1967.05       0.0 
1967.06       0.0 
1967.07       4.5 
1967.08       4.7 
1967.09       4.6 
1967.10       4.9 
1967.11       4.7 
1967.12       4.8 
1968.01       5.1 
1968.02       4.5 
1968.03       4.1 
1968.04       4.6 
1968.05       4.4 
1968.06       4.4 
1968.07       4.5 
1968.08       4.2 
1968.09       4.6 
1968.10       4.8 
1968.11       4.4 
1968.12       4.4 
1969.01       4.4 
1969.02       4.9 
1969.03       4.0 
1969.04       4.0 
1969.05       4.2 
1969.06       4.4 
1969.07       4.4 
1969.08       4.4 
1969.09       4.7 
1969.10       4.5 
1969.11       4.8 
1969.12       4.6 
1970.01       4.6 
1970.02       4.5 
1970.03       4.6 
1970.04       4.1 
1970.05       4.7 
1970.06       4.9 
1970.07       5.1 
1970.08       5.4 
1970.09       5.2 
1970.10       5.2 
1970.11       5.6 
1970.12       5.9 
1971.01       6.2 
1971.02       6.3 
1971.03       6.4 
1971.04       6.5 
1971.05       6.7 
1971.06       5.7 
1971.07       6.2 
1971.08       6.4 
1971.09       5.8 
1971.10       6.5 
1971.11       6.4 
1971.12       6.2 
1972.01       6.2 
1972.02       6.6 
1972.03       6.6 
1972.04       6.7 
1972.05       6.6 
1972.06       5.4 
1972.07       6.1 
1972.08       6.0 
1972.09       5.6 
1972.10       5.7 
1972.11       5.7 
1972.12       6.1 
1973.01       5.7 
1973.02       5.2 
1973.03       5.5 
1973.04       5.0 
1973.05       4.9 
1973.06       5.0 
1973.07       5.2 
1973.08       4.9 
1973.09       5.4 
1973.10       5.5 
1973.11       5.1 
1973.12       4.7 
1974.01       5.0 
1974.02       5.1 
1974.03       4.8 
1974.04       5.0 
1974.05       4.6 
1974.06       5.3 
1974.07       5.7 
1974.08       5.0 
1974.09       5.3 
1974.10       5.5 
1974.11       5.2 
1974.12       5.7 
1975.01       6.3 
1975.02       7.1 
1975.03       7.2 
1975.04       8.7 
1975.05       9.4 
1975.06       8.8 
1975.07       8.6 
1975.08       9.2 
1975.09       9.2 
1975.10       8.6 
1975.11       9.5 
1975.12       9.0 
1976.01       9.0 
1976.02       8.2 
1976.03       8.7 
1976.04       8.2 
1976.05       8.3 
1976.06       7.8 
1976.07       7.7 
1976.08       7.9 
1976.09       7.8 
1976.10       7.7 
1976.11       8.4 
1976.12       8.0 
1977.01       7.5 
1977.02       7.2 
1977.03       7.2 
1977.04       7.3 
1977.05       7.9 
1977.06       6.2 
1977.07       7.1 
1977.08       7.0 
1977.09       6.7 
1977.10       6.9 
1977.11       7.0 
1977.12       6.8 
1978.01       6.5 
1978.02       6.7 
1978.03       6.2 
1978.04       6.1 
1978.05       5.7 
1978.06       6.0 
1978.07       5.8 
1978.08       5.8 
1978.09       5.6 
1978.10       5.9 
1978.11       5.5 
1978.12       5.6 
1979.01       5.9 
1979.02       5.9 
1979.03       5.9 
1979.04       5.4 
1979.05       5.6 
1979.06       5.6 
1979.07       5.9 
1979.08       4.8 
1979.09       5.5 
1979.10       5.5 
1979.11       5.3 
1979.12       5.7 
1980.01       5.3 
1980.02       5.8 
1980.03       6.0 
1980.04       5.8 
1980.05       5.7 
1980.06       6.4 
1980.07       7.0 
1980.08       7.5 
1980.09       7.7 
1980.10       7.5 
1980.11       7.7 
1980.12       7.5 
1981.01       7.4 
1981.02       7.1 
1981.03       7.1 
1981.04       7.4 
1981.05       6.9 
1981.06       6.6 
1981.07       7.1 
1981.08       7.2 
1981.09       6.8 
1981.10       6.8 
1981.11       6.9 
1981.12       6.9 
1982.01       7.1 
1982.02       7.5 
1982.03       7.7 
1982.04       8.1 
1982.05       8.5 
1982.06       9.5 
1982.07       8.5 
1982.08       8.7 
1982.09       9.5 
1982.10       9.7 
1982.11      10.0 
1982.12      10.2 
1983.01      11.1 
1983.02       9.8 
1983.03      10.4 
1983.04      10.9 
1983.05      12.3 
1983.06      11.3 
1983.07      10.1 
1983.08       9.3 
1983.09       9.3 
1983.10       9.4 
1983.11       9.3 
1983.12       8.7 
1984.01       9.1 
1984.02       8.3 
1984.03       8.3 
1984.04       8.2 
1984.05       9.1 
1984.06       7.5 
1984.07       7.5 
1984.08       7.3 
1984.09       7.6 
1984.10       7.2 
1984.11       7.2 
1984.12       7.3 
1985.01       6.8 
1985.02       7.1 
1985.03       7.1 
1985.04       6.9 
1985.05       6.9 
1985.06       6.6 
1985.07       6.9 
1985.08       7.1 
1985.09       6.9 
1985.10       7.1 
1985.11       7.0 
1985.12       6.8 
1986.01       6.7 
1986.02       6.9 
1986.03       6.8 
1986.04       6.7 
1986.05       6.8 
1986.06       7.0 
1986.07       6.9 
1986.08       7.1 
1986.09       7.4 
1986.10       7.0 
1986.11       7.1 
1986.12       7.1 
1987.01       6.9 
1987.02       6.6 
1987.03       6.6 
1987.04       7.1 
1987.05       6.6 
1987.06       6.5 
1987.07       6.5 
1987.08       6.4 
1987.09       6.0 
1987.10       6.3 
1987.11       6.2 
1987.12       6.0 
1988.01       6.2 
1988.02       6.3 
1988.03       6.4 
1988.04       5.9 
1988.05       5.9 
1988.06       5.8 
1988.07       6.1 
1988.08       5.9 
1988.09       5.7 
1988.10       5.6 
1988.11       5.7 
1988.12       5.9 
1989.01       5.6 
1989.02       5.4 
1989.03       5.4 
1989.04       5.4 
1989.05       5.3 
1989.06       5.4 
1989.07       5.6 
1989.08       5.0 
1989.09       4.9 
1989.10       4.9 
1989.11       4.8 
1989.12       4.9 
1990.01       5.1 
1990.02       5.3 
1990.03       5.1 
1990.04       4.8 
1990.05       5.2 
1990.06       5.2 
1990.07       5.4 
1990.08       5.4 
1990.09       5.6 
1990.10       5.8 
1990.11       5.7 
1990.12       5.9 
1991.01       6.0 
1991.02       6.2 
1991.03       6.7 
1991.04       6.6 
1991.05       6.4 
1991.06       6.9 
1991.07       7.0 
1991.08       7.3 
1991.09       6.8 
1991.10       7.2 
1991.11       7.5 
1991.12       7.8 
1992.01       8.1 
1992.02       8.2 
1992.03       8.3 
1992.04       8.5 
1992.05       8.8 
1992.06       8.7 
1992.07       8.6 
1992.08       8.8 
1992.09       8.6 
1992.10       9.0 
1992.11       9.0 
1992.12       9.3 
1993.01       8.6 
1993.02       8.5 
1993.03       8.5 
1993.04       8.4 
1993.05       8.1 
1993.06       8.3 
1993.07       8.2 
1993.08       8.2 
1993.09       8.3 
1993.10       8.0 
1993.11       8.3 
1993.12       8.3 
1994.01       8.6 
1994.02       9.3 
1994.03       9.3 
1994.04       9.1 
1994.05       9.1 
1994.06       9.2 
1994.07       9.1 
1994.08       8.9 
1994.09       9.3 
1994.10      10.0 
1994.11       9.1 
1994.12       8.7 
1995.01       7.9 
1995.02       8.3 
1995.03       8.2 
1995.04       8.3 
1995.05       8.9 
1995.06       7.8 
1995.07       8.7 
1995.08       8.3 
1995.09       8.0 
1995.10       8.1 
1995.11       8.1 
1995.12       8.2 
1996.01       8.2 
1996.02       8.1 
1996.03       8.2 
1996.04       8.6 
1996.05       8.4 
1996.06       8.1 
1996.07       8.5 
1996.08       8.5 
1996.09       8.6 
1996.10       8.3 
1996.11       7.7 
1996.12       7.8 
1997.01       7.7 
1997.02       8.4 
1997.03       7.9 
1997.04       8.3 
1997.05       7.7 
1997.06       7.7 
1997.07       8.5 
1997.08       7.8 
