uemp15ov -- Civilians Unemployed for 15 Weeks and Over (SA, Thous.)                    

   DATE    UEMP15OV

1948.01       311  
1948.02       283  
1948.03       292  
1948.04       324  
1948.05       329  
1948.06       322  
1948.07       295  
1948.08       332  
1948.09       298  
1948.10       324  
1948.11       282  
1948.12       305  
1949.01       315  
1949.02       374  
1949.03       414  
1949.04       483  
1949.05       602  
1949.06       705  
1949.07       848  
1949.08       917  
1949.09       973  
1949.10      1000  
1949.11      1056  
1949.12       961  
1950.01       947  
1950.02       947  
1950.03       912  
1950.04       920  
1950.05       890  
1950.06       868  
1950.07       769  
1950.08       633  
1950.09       648  
1950.10       545  
1950.11       507  
1950.12       482  
1951.01       438  
1951.02       386  
1951.03       355  
1951.04       294  
1951.05       269  
1951.06       258  
1951.07       260  
1951.08       249  
1951.09       223  
1951.10       269  
1951.11       316  
1951.12       269  
1952.01       282  
1952.02       248  
1952.03       234  
1952.04       242  
1952.05       219  
1952.06       210  
1952.07       194  
1952.08       211  
1952.09       249  
1952.10       230  
1952.11       216  
1952.12       238  
1953.01       268  
1953.02       208  
1953.03       213  
1953.04       180  
1953.05       176  
1953.06       213  
1953.07       168  
1953.08       177  
1953.09       178  
1953.10       190  
1953.11       259  
1953.12       309  
1954.01       372  
1954.02       532  
1954.03       765  
1954.04       774  
1954.05       879  
1954.06       880  
1954.07       932  
1954.08      1002  
1954.09      1017  
1954.10      1009  
1954.11       975  
1954.12       827  
1955.01       882  
1955.02       826  
1955.03       816  
1955.04       811  
1955.05       734  
1955.06       668  
1955.07       640  
1955.08       535  
1955.09       558  
1955.10       572  
1955.11       564  
1955.12       581  
1956.01       561  
1956.02       545  
1956.03       521  
1956.04       476  
1956.05       506  
1956.06       516  
1956.07       523  
1956.08       543  
1956.09       577  
1956.10       530  
1956.11       575  
1956.12       567  
1957.01       509  
1957.02       530  
1957.03       514  
1957.04       516  
1957.05       538  
1957.06       526  
1957.07       535  
1957.08       542  
1957.09       559  
1957.10       650  
1957.11       674  
1957.12       731  
1958.01       879  
1958.02      1005  
1958.03      1128  
1958.04      1387  
1958.05      1493  
1958.06      1677  
1958.07      1796  
1958.08      1888  
1958.09      1795  
1958.10      1708  
1958.11      1570  
1958.12      1490  
1959.01      1396  
1959.02      1277  
1959.03      1210  
1959.04      1039  
1959.05       965  
1959.06       963  
1959.07       889  
1959.08       889  
1959.09       895  
1959.10       883  
1959.11       982  
1959.12       920  
1960.01       915  
1960.02       841  
1960.03       959  
1960.04       896  
1960.05       797  
1960.06       854  
1960.07       921  
1960.08       927  
1960.09       982  
1960.10      1189  
1960.11      1223  
1960.12      1142  
1961.01      1328  
1961.02      1416  
1961.03      1463  
1961.04      1598  
1961.05      1686  
1961.06      1651  
1961.07      1830  
1961.08      1649  
1961.09      1531  
1961.10      1481  
1961.11      1388  
1961.12      1361  
1962.01      1235  
1962.02      1244  
1962.03      1162  
1962.04      1122  
1962.05      1134  
1962.06      1079  
1962.07      1049  
1962.08      1081  
1962.09      1096  
1962.10      1022  
1962.11      1051  
1962.12      1068  
1963.01      1122  
1963.02      1137  
1963.03      1087  
1963.04      1071  
1963.05      1157  
1963.06      1067  
1963.07      1070  
1963.08      1114  
1963.09      1069  
1963.10      1071  
1963.11      1054  
1963.12      1007  
1964.01      1057  
1964.02      1015  
1964.03      1039  
1964.04       934  
1964.05       975  
1964.06      1047  
1964.07      1002  
1964.08       934  
1964.09       917  
1964.10       903  
1964.11       922  
1964.12       873  
1965.01       793  
1965.02       919  
1965.03       796  
1965.04       796  
1965.05       736  
1965.06       786  
1965.07       683  
1965.08       733  
1965.09       732  
1965.10       672  
1965.11       645  
1965.12       659  
1966.01       623  
1966.02       594  
1966.03       583  
1966.04       575  
1966.05       534  
1966.06       475  
1966.07       427  
1966.08       464  
1966.09       488  
1966.10       494  
1966.11       464  
1966.12       488  
1967.01       489  
1967.02       459  
1967.03       436  
1967.04       428  
1967.05       417  
1967.06       422  
1967.07       412  
1967.08       441  
1967.09       448  
1967.10       472  
1967.11       490  
1967.12       485  
1968.01       503  
1968.02       468  
1968.03       447  
1968.04       393  
1968.05       395  
1968.06       405  
1968.07       426  
1968.08       393  
1968.09       375  
1968.10       386  
1968.11       357  
1968.12       351  
1969.01       339  
1969.02       358  
1969.03       353  
1969.04       386  
1969.05       387  
1969.06       368  
1969.07       377  
1969.08       373  
1969.09       391  
1969.10       374  
1969.11       392  
1969.12       413  
1970.01       431  
1970.02       470  
1970.03       534  
1970.04       602  
1970.05       591  
1970.06       657  
1970.07       662  
1970.08       705  
1970.09       788  
1970.10       771  
1970.11       871  
1970.12      1102  
1971.01      1113  
1971.02      1068  
1971.03      1098  
1971.04      1149  
1971.05      1173  
1971.06      1167  
1971.07      1251  
1971.08      1261  
1971.09      1239  
1971.10      1268  
1971.11      1277  
1971.12      1283  
1972.01      1257  
1972.02      1292  
1972.03      1232  
1972.04      1203  
1972.05      1168  
1972.06      1141  
1972.07      1154  
1972.08      1156  
1972.09      1131  
1972.10      1123  
1972.11      1040  
1972.12      1006  
1973.01       947  
1973.02       894  
1973.03       889  
1973.04       809  
1973.05       816  
1973.06       779  
1973.07       756  
1973.08       788  
1973.09       785  
1973.10       793  
1973.11       832  
1973.12       767  
1974.01       799  
1974.02       829  
1974.03       849  
1974.04       889  
1974.05       880  
1974.06       926  
1974.07       924  
1974.08       960  
1974.09      1021  
1974.10      1072  
1974.11      1128  
1974.12      1326  
1975.01      1555  
1975.02      1841  
1975.03      2074  
1975.04      2442  
1975.05      2643  
1975.06      2843  
1975.07      2943  
1975.08      2862  
1975.09      2906  
1975.10      2689  
1975.11      2789  
1975.12      2868  
1976.01      2713  
1976.02      2519  
1976.03      2441  
1976.04      2210  
1976.05      2115  
1976.06      2332  
1976.07      2316  
1976.08      2378  
1976.09      2296  
1976.10      2292  
1976.11      2354  
1976.12      2375  
1977.01      2200  
1977.02      2174  
1977.03      2057  
1977.04      1936  
1977.05      1928  
1977.06      1918  
1977.07      1907  
1977.08      1836  
1977.09      1853  
1977.10      1789  
1977.11      1804  
1977.12      1717  
1978.01      1643  
1978.02      1584  
1978.03      1531  
1978.04      1502  
1978.05      1420  
1978.06      1352  
1978.07      1373  
1978.08      1242  
1978.09      1308  
1978.10      1319  
1978.11      1242  
1978.12      1269  
1979.01      1250  
1979.02      1297  
1979.03      1365  
1979.04      1272  
1979.05      1239  
1979.06      1171  
1979.07      1123  
1979.08      1203  
1979.09      1172  
1979.10      1219  
1979.11      1239  
1979.12      1277  
1980.01      1353  
1980.02      1358  
1980.03      1457  
1980.04      1694  
1980.05      1740  
1980.06      1760  
1980.07      1995  
1980.08      2162  
1980.09      2309  
1980.10      2306  
1980.11      2329  
1980.12      2406  
1981.01      2389  
1981.02      2344  
1981.03      2276  
1981.04      2231  
1981.05      2221  
1981.06      2250  
1981.07      2166  
1981.08      2241  
1981.09      2261  
1981.10      2303  
1981.11      2345  
1981.12      2374  
1982.01      2409  
1982.02      2758  
1982.03      2965  
1982.04      3086  
1982.05      3276  
1982.06      3451  
1982.07      3555  
1982.08      3696  
1982.09      3889  
1982.10      4185  
1982.11      4485  
1982.12      4662  
1983.01      4668  
1983.02      4641  
1983.03      4612  
1983.04      4370  
1983.05      4538  
1983.06      4470  
1983.07      4329  
1983.08      4070  
1983.09      3854  
1983.10      3648  
1983.11      3535  
1983.12      3379  
1984.01      3254  
1984.02      2991  
1984.03      2881  
1984.04      2858  
1984.05      2884  
1984.06      2612  
1984.07      2638  
1984.08      2604  
1984.09      2538  
1984.10      2526  
1984.11      2438  
1984.12      2401  
1985.01      2284  
1985.02      2389  
1985.03      2394  
1985.04      2393  
1985.05      2292  
1985.06      2310  
1985.07      2329  
1985.08      2258  
1985.09      2242  
1985.10      2295  
1985.11      2207  
1985.12      2208  
1986.01      2089  
1986.02      2308  
1986.03      2261  
1986.04      2162  
1986.05      2232  
1986.06      2320  
1986.07      2269  
1986.08      2276  
1986.09      2318  
1986.10      2188  
1986.11      2202  
1986.12      2161  
1987.01      2168  
1987.02      2117  
1987.03      2070  
1987.04      2091  
1987.05      2104  
1987.06      2087  
1987.07      1921  
1987.08      1878  
1987.09      1866  
1987.10      1794  
1987.11      1797  
1987.12      1767  
1988.01      1714  
1988.02      1738  
1988.03      1744  
1988.04      1563  
1988.05      1647  
1988.06      1531  
1988.07      1601  
1988.08      1639  
1988.09      1569  
1988.10      1562  
1988.11      1468  
1988.12      1490  
1989.01      1480  
1989.02      1304  
1989.03      1353  
1989.04      1397  
1989.05      1348  
1989.06      1300  
1989.07      1435  
1989.08      1302  
1989.09      1360  
1989.10      1392  
1989.11      1418  
1989.12      1375  
1990.01      1412  
1990.02      1350  
1990.03      1331  
1990.04      1376  
1990.05      1415  
1990.06      1436  
1990.07      1534  
1990.08      1607  
1990.09      1695  
1990.10      1689  
1990.11      1831  
1990.12      1804  
1991.01      1866  
1991.02      1955  
1991.03      2137  
1991.04      2206  
1991.05      2252  
1991.06      2533  
1991.07      2388  
1991.08      2460  
1991.09      2497  
1991.10      2638  
1991.11      2718  
1991.12      2892  
1992.01      3060  
1992.02      3182  
1992.03      3196  
1992.04      3130  
1992.05      3444  
1992.06      3758  
1992.07      3614  
1992.08      3579  
1992.09      3504  
1992.10      3505  
1992.11      3397  
1992.12      3651  
1993.01      3346  
1993.02      3190  
1993.03      3115  
1993.04      3014  
1993.05      3101  
1993.06      3141  
1993.07      3046  
1993.08      3026  
1993.09      3042  
1993.10      3029  
1993.11      2986  
1993.12      2968  
1994.01      3066  
1994.02      3124  
1994.03      3045  
1994.04      2904  
1994.05      2817  
1994.06      2717  
1994.07      2831  
1994.08      2753  
1994.09      2765  
1994.10      2965  
1994.11      2678  
1994.12      2510  
1995.01      2399  
1995.02      2354  
1995.03      2255  
1995.04      2436  
1995.05      2541  
1995.06      2280  
1995.07      2325  
1995.08      2395  
1995.09      2341  
1995.10      2286  
1995.11      2355  
1995.12      2367  
1996.01      2369  
1996.02      2322  
1996.03      2406  
1996.04      2387  
1996.05      2354  
1996.06      2353  
1996.07      2326  
1996.08      2273  
1996.09      2277  
1996.10      2294  
1996.11      2184  
1996.12      2179  
1997.01      2155  
1997.02      2163  
1997.03      2064  
1997.04      2092  
1997.05      2071  
1997.06      2063  
1997.07      2157  
1997.08      2012  
