unemploy -- Total Unemployed (SA, Thousands)                                           

   DATE    UNEMPLOY

1948.01       2034 
1948.02       2328 
1948.03       2399 
1948.04       2386 
1948.05       2118 
1948.06       2214 
1948.07       2213 
1948.08       2350 
1948.09       2302 
1948.10       2259 
1948.11       2285 
1948.12       2429 
1949.01       2596 
1949.02       2849 
1949.03       3030 
1949.04       3260 
1949.05       3707 
1949.06       3776 
1949.07       4111 
1949.08       4193 
1949.09       4049 
1949.10       4916 
1949.11       3996 
1949.12       4063 
1950.01       4026 
1950.02       3936 
1950.03       3876 
1950.04       3575 
1950.05       3434 
1950.06       3367 
1950.07       3120 
1950.08       2799 
1950.09       2774 
1950.10       2625 
1950.11       2589 
1950.12       2639 
1951.01       2305 
1951.02       2117 
1951.03       2125 
1951.04       1919 
1951.05       1856 
1951.06       1995 
1951.07       1950 
1951.08       1933 
1951.09       2067 
1951.10       2194 
1951.11       2178 
1951.12       1960 
1952.01       1972 
1952.02       1957 
1952.03       1813 
1952.04       1811 
1952.05       1863 
1952.06       1884 
1952.07       1991 
1952.08       2087 
1952.09       1936 
1952.10       1839 
1952.11       1743 
1952.12       1667 
1953.01       1839 
1953.02       1636 
1953.03       1647 
1953.04       1723 
1953.05       1596 
1953.06       1607 
1953.07       1660 
1953.08       1665 
1953.09       1821 
1953.10       1974 
1953.11       2211 
1953.12       2818 
1954.01       3077 
1954.02       3331 
1954.03       3607 
1954.04       3749 
1954.05       3767 
1954.06       3551 
1954.07       3659 
1954.08       3854 
1954.09       3927 
1954.10       3666 
1954.11       3402 
1954.12       3196 
1955.01       3157 
1955.02       2969 
1955.03       2918 
1955.04       3049 
1955.05       2747 
1955.06       2701 
1955.07       2632 
1955.08       2784 
1955.09       2678 
1955.10       2830 
1955.11       2780 
1955.12       2761 
1956.01       2666 
1956.02       2606 
1956.03       2764 
1956.04       2650 
1956.05       2861 
1956.06       2882 
1956.07       2952 
1956.08       2701 
1956.09       2635 
1956.10       2571 
1956.11       2861 
1956.12       2790 
1957.01       2796 
1957.02       2622 
1957.03       2509 
1957.04       2600 
1957.05       2710 
1957.06       2856 
1957.07       2796 
1957.08       2747 
1957.09       2943 
1957.10       3020 
1957.11       3454 
1957.12       3476 
1958.01       3875 
1958.02       4303 
1958.03       4492 
1958.04       5016 
1958.05       5021 
1958.06       4944 
1958.07       5079 
1958.08       5025 
1958.09       4821 
1958.10       4570 
1958.11       4188 
1958.12       4191 
1959.01       4068 
1959.02       3965 
1959.03       3801 
1959.04       3571 
1959.05       3479 
1959.06       3429 
1959.07       3528 
1959.08       3588 
1959.09       3775 
1959.10       3910 
1959.11       4003 
1959.12       3653 
1960.01       3615 
1960.02       3329 
1960.03       3726 
1960.04       3620 
1960.05       3569 
1960.06       3766 
1960.07       3836 
1960.08       3946 
1960.09       3884 
1960.10       4252 
1960.11       4330 
1960.12       4617 
1961.01       4671 
1961.02       4832 
1961.03       4853 
1961.04       4893 
1961.05       5003 
1961.06       4885 
1961.07       4928 
1961.08       4682 
1961.09       4676 
1961.10       4573 
1961.11       4295 
1961.12       4177 
1962.01       4081 
1962.02       3871 
1962.03       3921 
1962.04       3906 
1962.05       3863 
1962.06       3844 
1962.07       3819 
1962.08       4013 
1962.09       3961 
1962.10       3803 
1962.11       4024 
1962.12       3907 
1963.01       4074 
1963.02       4238 
1963.03       4072 
1963.04       4055 
1963.05       4217 
1963.06       3977 
1963.07       4051 
1963.08       3878 
1963.09       3957 
1963.10       3987 
1963.11       4151 
1963.12       3975 
1964.01       4029 
1964.02       3932 
1964.03       3950 
1964.04       3918 
1964.05       3764 
1964.06       3814 
1964.07       3608 
1964.08       3655 
1964.09       3712 
1964.10       3726 
1964.11       3551 
1964.12       3651 
1965.01       3572 
1965.02       3730 
1965.03       3510 
1965.04       3595 
1965.05       3432 
1965.06       3387 
1965.07       3301 
1965.08       3254 
1965.09       3216 
1965.10       3143 
1965.11       3073 
1965.12       3031 
1966.01       2988 
1966.02       2820 
1966.03       2887 
1966.04       2828 
1966.05       2950 
1966.06       2872 
1966.07       2876 
1966.08       2900 
1966.09       2798 
1966.10       2798 
1966.11       2770 
1966.12       2912 
1967.01       2968 
1967.02       2915 
1967.03       2889 
1967.04       2895 
1967.05       2929 
1967.06       2992 
1967.07       2944 
1967.08       2945 
1967.09       2958 
1967.10       3143 
1967.11       3066 
1967.12       3018 
1968.01       2878 
1968.02       3001 
1968.03       2877 
1968.04       2709 
1968.05       2740 
1968.06       2938 
1968.07       2883 
1968.08       2768 
1968.09       2686 
1968.10       2689 
1968.11       2715 
1968.12       2685 
1969.01       2718 
1969.02       2692 
1969.03       2712 
1969.04       2758 
1969.05       2713 
1969.06       2816 
1969.07       2868 
1969.08       2856 
1969.09       3040 
1969.10       3049 
1969.11       2856 
1969.12       2884 
1970.01       3201 
1970.02       3453 
1970.03       3635 
1970.04       3797 
1970.05       3919 
1970.06       4071 
1970.07       4175 
1970.08       4256 
1970.09       4456 
1970.10       4591 
1970.11       4898 
1970.12       5076 
1971.01       4986 
1971.02       4903 
1971.03       4987 
1971.04       4959 
1971.05       4996 
1971.06       4949 
1971.07       5035 
1971.08       5134 
1971.09       5042 
1971.10       4954 
1971.11       5161 
1971.12       5154 
1972.01       5019 
1972.02       4928 
1972.03       5038 
1972.04       4959 
1972.05       4922 
1972.06       4923 
1972.07       4913 
1972.08       4939 
1972.09       4849 
1972.10       4875 
1972.11       4602 
1972.12       4543 
1973.01       4326 
1973.02       4452 
1973.03       4394 
1973.04       4459 
1973.05       4329 
1973.06       4363 
1973.07       4305 
1973.08       4305 
1973.09       4350 
1973.10       4144 
1973.11       4396 
1973.12       4489 
1974.01       4644 
1974.02       4731 
1974.03       4634 
1974.04       4618 
1974.05       4705 
1974.06       4927 
1974.07       5063 
1974.08       5022 
1974.09       5437 
1974.10       5523 
1974.11       6140 
1974.12       6636 
1975.01       7501 
1975.02       7520 
1975.03       7978 
1975.04       8210 
1975.05       8433 
1975.06       8220 
1975.07       8127 
1975.08       7928 
1975.09       7923 
1975.10       7897 
1975.11       7794 
1975.12       7744 
1976.01       7534 
1976.02       7326 
1976.03       7230 
1976.04       7330 
1976.05       7053 
1976.06       7322 
1976.07       7490 
1976.08       7518 
1976.09       7380 
1976.10       7430 
1976.11       7620 
1976.12       7545 
1977.01       7280 
1977.02       7443 
1977.03       7307 
1977.04       7059 
1977.05       6911 
1977.06       7134 
1977.07       6829 
1977.08       6925 
1977.09       6751 
1977.10       6763 
1977.11       6815 
1977.12       6386 
1978.01       6489 
1978.02       6318 
1978.03       6337 
1978.04       6180 
1978.05       6127 
1978.06       6028 
1978.07       6309 
1978.08       6080 
1978.09       6125 
1978.10       5947 
1978.11       6077 
1978.12       6228 
1979.01       6109 
1979.02       6173 
1979.03       6109 
1979.04       6069 
1979.05       5840 
1979.06       5959 
1979.07       5996 
1979.08       6320 
1979.09       6190 
1979.10       6296 
1979.11       6238 
1979.12       6325 
1980.01       6683 
1980.02       6702 
1980.03       6729 
1980.04       7358 
1980.05       7984 
1980.06       8098 
1980.07       8363 
1980.08       8281 
1980.09       8021 
1980.10       8088 
1980.11       8023 
1980.12       7718 
1981.01       8071 
1981.02       8051 
1981.03       7982 
1981.04       7869 
1981.05       8174 
1981.06       8098 
1981.07       7863 
1981.08       8036 
1981.09       8230 
1981.10       8646 
1981.11       9029 
1981.12       9267 
1982.01       9397 
1982.02       9705 
1982.03       9895 
1982.04      10244 
1982.05      10335 
1982.06      10538 
1982.07      10849 
1982.08      10881 
1982.09      11217 
1982.10      11529 
1982.11      11938 
1982.12      12051 
1983.01      11534 
1983.02      11545 
1983.03      11408 
1983.04      11268 
1983.05      11154 
1983.06      11246 
1983.07      10548 
1983.08      10623 
1983.09      10282 
1983.10       9887 
1983.11       9499 
1983.12       9331 
1984.01       9008 
1984.02       8791 
1984.03       8746 
1984.04       8762 
1984.05       8456 
1984.06       8226 
1984.07       8537 
1984.08       8519 
1984.09       8367 
1984.10       8381 
1984.11       8198 
1984.12       8358 
1985.01       8423 
1985.02       8321 
1985.03       8339 
1985.04       8395 
1985.05       8302 
1985.06       8460 
1985.07       8513 
1985.08       8196 
1985.09       8248 
1985.10       8298 
1985.11       8128 
1985.12       8138 
1986.01       7795 
1986.02       8402 
1986.03       8383 
1986.04       8364 
1986.05       8439 
1986.06       8508 
1986.07       8319 
1986.08       8135 
1986.09       8310 
1986.10       8243 
1986.11       8159 
1986.12       7883 
1987.01       7892 
1987.02       7865 
1987.03       7862 
1987.04       7542 
1987.05       7574 
1987.06       7398 
1987.07       7268 
1987.08       7261 
1987.09       7102 
1987.10       7227 
1987.11       7035 
1987.12       6936 
1988.01       6953 
1988.02       6929 
1988.03       6876 
1988.04       6601 
1988.05       6779 
1988.06       6546 
1988.07       6605 
1988.08       6843 
1988.09       6604 
1988.10       6568 
1988.11       6537 
1988.12       6518 
1989.01       6682 
1989.02       6359 
1989.03       6205 
1989.04       6468 
1989.05       6375 
1989.06       6577 
1989.07       6495 
1989.08       6511 
1989.09       6590 
1989.10       6630 
1989.11       6725 
1989.12       6667 
1990.01       6752 
1990.02       6651 
1990.03       6598 
1990.04       6797 
1990.05       6742 
1990.06       6590 
1990.07       6922 
1990.08       7188 
1990.09       7368 
1990.10       7459 
1990.11       7764 
1990.12       7901 
1991.01       8015 
1991.02       8265 
1991.03       8586 
1991.04       8439 
1991.05       8736 
1991.06       8692 
1991.07       8586 
1991.08       8666 
1991.09       8722 
1991.10       8842 
1991.11       8931 
1991.12       9198 
1992.01       9283 
1992.02       9454 
1992.03       9460 
1992.04       9415 
1992.05       9744 
1992.06      10040 
1992.07       9850 
1992.08       9787 
1992.09       9781 
1992.10       9398 
1992.11       9565 
1992.12       9557 
1993.01       9325 
1993.02       9183 
1993.03       9056 
1993.04       9110 
1993.05       9149 
1993.06       9121 
1993.07       8930 
1993.08       8763 
1993.09       8714 
1993.10       8750 
1993.11       8542 
1993.12       8477 
1994.01       8710 
1994.02       8581 
1994.03       8500 
1994.04       8313 
1994.05       7867 
1994.06       7937 
1994.07       7927 
1994.08       7949 
1994.09       7740 
1994.10       7624 
1994.11       7372 
1994.12       7158 
1995.01       7432 
1995.02       7203 
1995.03       7201 
1995.04       7590 
1995.05       7358 
1995.06       7445 
1995.07       7496 
1995.08       7517 
1995.09       7523 
1995.10       7329 
1995.11       7409 
1995.12       7354 
1996.01       7588 
1996.02       7364 
1996.03       7402 
1996.04       7302 
1996.05       7331 
1996.06       7119 
1996.07       7276 
1996.08       6910 
1996.09       7043 
1996.10       7019 
1996.11       7187 
1996.12       7167 
1997.01       7268 
1997.02       7205 
1997.03       7144 
1997.04       6714 
1997.05       6534 
1997.06       6836 
1997.07       6583 
1997.08       6677 
