uscons -- All Employees: Construction Employment(SA, Thousands)                      

   DATE    USCONS

1946.02     1418 
1946.03     1522 
1946.04     1616 
1946.05     1634 
1946.06     1644 
1946.07     1708 
1946.08     1754 
1946.09     1808 
1946.10     1834 
1946.11     1869 
1946.12     1927 
1947.01     1902 
1947.02     1916 
1947.03     1927 
1947.04     1960 
1947.05     1960 
1947.06     2015 
1947.07     2015 
1947.08     2036 
1947.09     2057 
1947.10     2071 
1947.11     2074 
1947.12     2130 
1948.01     2157 
1948.02     2058 
1948.03     2111 
1948.04     2156 
1948.05     2187 
1948.06     2223 
1948.07     2228 
1948.08     2215 
1948.09     2227 
1948.10     2226 
1948.11     2257 
1948.12     2295 
1949.01     2259 
1949.02     2226 
1949.03     2204 
1949.04     2186 
1949.05     2178 
1949.06     2147 
1949.07     2165 
1949.08     2177 
1949.09     2197 
1949.10     2205 
1949.11     2218 
1949.12     2172 
1950.01     2160 
1950.02     2166 
1950.03     2166 
1950.04     2230 
1950.05     2295 
1950.06     2356 
1950.07     2412 
1950.08     2450 
1950.09     2469 
1950.10     2510 
1950.11     2542 
1950.12     2509 
1951.01     2575 
1951.02     2608 
1951.03     2644 
1951.04     2658 
1951.05     2662 
1951.06     2637 
1951.07     2638 
1951.08     2639 
1951.09     2625 
1951.10     2658 
1951.11     2628 
1951.12     2663 
1952.01     2659 
1952.02     2747 
1952.03     2660 
1952.04     2648 
1952.05     2635 
1952.06     2671 
1952.07     2661 
1952.08     2668 
1952.09     2673 
1952.10     2651 
1952.11     2674 
1952.12     2683 
1953.01     2688 
1953.02     2751 
1953.03     2698 
1953.04     2667 
1953.05     2632 
1953.06     2620 
1953.07     2610 
1953.08     2612 
1953.09     2642 
1953.10     2669 
1953.11     2668 
1953.12     2676 
1954.01     2587 
1954.02     2680 
1954.03     2656 
1954.04     2658 
1954.05     2636 
1954.06     2631 
1954.07     2630 
1954.08     2631 
1954.09     2634 
1954.10     2639 
1954.11     2691 
1954.12     2693 
1955.01     2708 
1955.02     2741 
1955.03     2796 
1955.04     2831 
1955.05     2865 
1955.06     2875 
1955.07     2890 
1955.08     2872 
1955.09     2876 
1955.10     2855 
1955.11     2856 
1955.12     2861 
1956.01     2891 
1956.02     2966 
1956.03     2964 
1956.04     2987 
1956.05     3031 
1956.06     3148 
1956.07     3064 
1956.08     3091 
1956.09     3075 
1956.10     3062 
1956.11     3055 
1956.12     3069 
1957.01     2968 
1957.02     3036 
1957.03     3035 
1957.04     3004 
1957.05     2991 
1957.06     2989 
1957.07     2961 
1957.08     2934 
1957.09     2931 
1957.10     2928 
1957.11     2898 
1957.12     2900 
1958.01     2885 
1958.02     2723 
1958.03     2774 
1958.04     2764 
1958.05     2772 
1958.06     2753 
1958.07     2774 
1958.08     2801 
1958.09     2841 
1958.10     2885 
1958.11     2939 
1958.12     2880 
1959.01     2957 
1959.02     2935 
1959.03     2958 
1959.04     3038 
1959.05     3037 
1959.06     3047 
1959.07     3031 
1959.08     3032 
1959.09     3003 
1959.10     2975 
1959.11     2978 
1959.12     3031 
1960.01     2973 
1960.02     3021 
1960.03     2811 
1960.04     2946 
1960.05     2967 
1960.06     2956 
1960.07     2958 
1960.08     2933 
1960.09     2918 
1960.10     2916 
1960.11     2891 
1960.12     2819 
1961.01     2830 
1961.02     2810 
1961.03     2851 
1961.04     2821 
1961.05     2813 
1961.06     2873 
1961.07     2851 
1961.08     2871 
1961.09     2884 
1961.10     2897 
1961.11     2890 
1961.12     2898 
1962.01     2804 
1962.02     2902 
1962.03     2877 
1962.04     2967 
1962.05     2973 
1962.06     2922 
1962.07     2987 
1962.08     2987 
1962.09     2994 
1962.10     2991 
1962.11     2986 
1962.12     2941 
1963.01     2942 
1963.02     2921 
1963.03     2905 
1963.04     3000 
1963.05     3017 
1963.06     3020 
1963.07     3044 
1963.08     3055 
1963.09     3062 
1963.10     3054 
1963.11     3029 
1963.12     3018 
1964.01     2902 
1964.02     3092 
1964.03     3062 
1964.04     3061 
1964.05     3083 
1964.06     3105 
1964.07     3108 
1964.08     3115 
1964.09     3110 
1964.10     3141 
1964.11     3167 
1964.12     3174 
1965.01     3170 
1965.02     3209 
1965.03     3190 
1965.04     3146 
1965.05     3221 
1965.06     3235 
1965.07     3195 
1965.08     3239 
1965.09     3244 
1965.10     3263 
1965.11     3298 
1965.12     3363 
1966.01     3348 
1966.02     3350 
1966.03     3393 
1966.04     3358 
1966.05     3310 
1966.06     3354 
1966.07     3347 
1966.08     3310 
1966.09     3280 
1966.10     3261 
1966.11     3243 
1966.12     3270 
1967.01     3275 
1967.02     3223 
1967.03     3207 
1967.04     3225 
1967.05     3221 
1967.06     3217 
1967.07     3264 
1967.08     3263 
1967.09     3267 
1967.10     3255 
1967.11     3276 
1967.12     3278 
1968.01     3142 
1968.02     3321 
1968.03     3321 
1968.04     3347 
1968.05     3337 
1968.06     3304 
1968.07     3337 
1968.08     3357 
1968.09     3399 
1968.10     3425 
1968.11     3417 
1968.12     3467 
1969.01     3485 
1969.02     3514 
1969.03     3529 
1969.04     3538 
1969.05     3574 
1969.06     3595 
1969.07     3594 
1969.08     3576 
1969.09     3603 
1969.10     3599 
1969.11     3618 
1969.12     3655 
1970.01     3562 
1970.02     3636 
1970.03     3646 
1970.04     3617 
1970.05     3567 
1970.06     3570 
1970.07     3574 
1970.08     3579 
1970.09     3552 
1970.10     3562 
1970.11     3585 
1970.12     3623 
1971.01     3582 
1971.02     3542 
1971.03     3604 
1971.04     3676 
1971.05     3681 
1971.06     3695 
1971.07     3717 
1971.08     3718 
1971.09     3746 
1971.10     3793 
1971.11     3846 
1971.12     3791 
1972.01     3852 
1972.02     3810 
1972.03     3847 
1972.04     3877 
1972.05     3897 
1972.06     3911 
1972.07     3878 
1972.08     3911 
1972.09     3918 
1972.10     3951 
1972.11     3930 
1972.12     3848 
1973.01     3932 
1973.02     4020 
1973.03     4027 
1973.04     4045 
1973.05     4078 
1973.06     4125 
1973.07     4154 
1973.08     4143 
1973.09     4145 
1973.10     4138 
1973.11     4147 
1973.12     4168 
1974.01     4144 
1974.02     4251 
1974.03     4216 
1974.04     4156 
1974.05     4131 
1974.06     4064 
1974.07     3975 
1974.08     3966 
1974.09     3921 
1974.10     3882 
1974.11     3827 
1974.12     3774 
1975.01     3757 
1975.02     3641 
1975.03     3522 
1975.04     3461 
1975.05     3471 
1975.06     3454 
1975.07     3447 
1975.08     3484 
1975.09     3508 
1975.10     3516 
1975.11     3527 
1975.12     3547 
1976.01     3588 
1976.02     3589 
1976.03     3572 
1976.04     3587 
1976.05     3564 
1976.06     3555 
1976.07     3564 
1976.08     3567 
1976.09     3565 
1976.10     3571 
1976.11     3601 
1976.12     3590 
1977.01     3542 
1977.02     3665 
1977.03     3739 
1977.04     3813 
1977.05     3843 
1977.06     3879 
1977.07     3908 
1977.08     3911 
1977.09     3935 
1977.10     3944 
1977.11     3967 
1977.12     3991 
1978.01     3941 
1978.02     3968 
1978.03     4065 
1978.04     4220 
1978.05     4211 
1978.06     4283 
1978.07     4304 
1978.08     4310 
1978.09     4311 
1978.10     4336 
1978.11     4347 
1978.12     4352 
1979.01     4309 
1979.02     4326 
1979.03     4456 
1979.04     4423 
1979.05     4467 
1979.06     4493 
1979.07     4505 
1979.08     4506 
1979.09     4495 
1979.10     4496 
1979.11     4497 
1979.12     4533 
1980.01     4570 
1980.02     4550 
1980.03     4461 
1980.04     4380 
1980.05     4333 
1980.06     4287 
1980.07     4246 
1980.08     4259 
1980.09     4271 
1980.10     4286 
1980.11     4282 
1980.12     4306 
1981.01     4265 
1981.02     4272 
1981.03     4306 
1981.04     4313 
1981.05     4240 
1981.06     4194 
1981.07     4168 
1981.08     4144 
1981.09     4119 
1981.10     4117 
1981.11     4092 
1981.12     4075 
1982.01     3930 
1982.02     4014 
1982.03     3981 
1982.04     3953 
1982.05     3977 
1982.06     3919 
1982.07     3888 
1982.08     3867 
1982.09     3853 
1982.10     3837 
1982.11     3844 
1982.12     3840 
1983.01     3877 
1983.02     3820 
1983.03     3793 
1983.04     3808 
1983.05     3841 
1983.06     3902 
1983.07     3946 
1983.08     3993 
1983.09     4031 
1983.10     4069 
1983.11     4108 
1983.12     4132 
1984.01     4174 
1984.02     4296 
1984.03     4269 
1984.04     4294 
1984.05     4334 
1984.06     4387 
1984.07     4405 
1984.08     4421 
1984.09     4455 
1984.10     4467 
1984.11     4495 
1984.12     4535 
1985.01     4550 
1985.02     4549 
1985.03     4615 
1985.04     4640 
1985.05     4664 
1985.06     4659 
1985.07     4659 
1985.08     4688 
1985.09     4724 
1985.10     4740 
1985.11     4750 
1985.12     4765 
1986.01     4793 
1986.02     4789 
1986.03     4795 
1986.04     4823 
1986.05     4800 
1986.06     4784 
1986.07     4792 
1986.08     4811 
1986.09     4812 
1986.10     4827 
1986.11     4831 
1986.12     4868 
1987.01     4884 
1987.02     4916 
1987.03     4911 
1987.04     4925 
1987.05     4951 
1987.06     4951 
1987.07     4951 
1987.08     4965 
1987.09     4962 
1987.10     5007 
1987.11     5020 
1987.12     5047 
1988.01     4979 
1988.02     5022 
1988.03     5073 
1988.04     5092 
1988.05     5091 
1988.06     5118 
1988.07     5125 
1988.08     5125 
1988.09     5132 
1988.10     5128 
1988.11     5131 
1988.12     5135 
1989.01     5182 
1989.02     5143 
1989.03     5134 
1989.04     5159 
1989.05     5160 
1989.06     5153 
1989.07     5170 
1989.08     5181 
1989.09     5177 
1989.10     5201 
1989.11     5226 
1989.12     5170 
1990.01     5270 
1990.02     5307 
1990.03     5269 
1990.04     5194 
1990.05     5183 
1990.06     5159 
1990.07     5120 
1990.08     5085 
1990.09     5056 
1990.10     4993 
1990.11     4953 
1990.12     4909 
1991.01     4805 
1991.02     4799 
1991.03     4744 
1991.04     4685 
1991.05     4677 
1991.06     4661 
1991.07     4634 
1991.08     4619 
1991.09     4612 
1991.10     4578 
1991.11     4520 
1991.12     4522 
1992.01     4513 
1992.02     4489 
1992.03     4488 
1992.04     4482 
1992.05     4493 
1992.06     4481 
1992.07     4473 
1992.08     4487 
1992.09     4483 
1992.10     4493 
1992.11     4500 
1992.12     4518 
1993.01     4519 
1993.02     4613 
1993.03     4551 
1993.04     4577 
1993.05     4641 
1993.06     4650 
1993.07     4677 
1993.08     4699 
1993.09     4713 
1993.10     4756 
1993.11     4780 
1993.12     4806 
1994.01     4813 
1994.02     4849 
1994.03     4894 
1994.04     4949 
1994.05     4971 
1994.06     4983 
1994.07     5004 
1994.08     5015 
1994.09     5047 
1994.10     5055 
1994.11     5095 
1994.12     5109 
1995.01     5129 
1995.02     5134 
1995.03     5130 
1995.04     5140 
1995.05     5114 
1995.06     5137 
1995.07     5149 
1995.08     5173 
1995.09     5205 
1995.10     5225 
1995.11     5236 
1995.12     5232 
1996.01     5214 
1996.02     5309 
1996.03     5340 
1996.04     5356 
1996.05     5384 
1996.06     5408 
1996.07     5417 
1996.08     5433 
1996.09     5441 
1996.10     5467 
1996.11     5495 
1996.12     5521 
1997.01     5542 
1997.02     5604 
1997.03     5609 
1997.04     5599 
1997.05     5628 
1997.06     5622 
1997.07     5622 
1997.08     5632 
