usfire -- All Employees: Finance,Insurance & Real Estate Employment(SA, Thousands)   

   DATE    USFIRE

1946.02     1612 
1946.03     1636 
1946.04     1654 
1946.05     1671 
1946.06     1683 
1946.07     1686 
1946.08     1697 
1946.09     1702 
1946.10     1718 
1946.11     1725 
1946.12     1727 
1947.01     1698 
1947.02     1698 
1947.03     1700 
1947.04     1712 
1947.05     1715 
1947.06     1718 
1947.07     1736 
1947.08     1739 
1947.09     1742 
1947.10     1751 
1947.11     1758 
1947.12     1763 
1948.01     1767 
1948.02     1777 
1948.03     1783 
1948.04     1790 
1948.05     1794 
1948.06     1806 
1948.07     1812 
1948.08     1813 
1948.09     1816 
1948.10     1809 
1948.11     1812 
1948.12     1813 
1949.01     1814 
1949.02     1813 
1949.03     1817 
1949.04     1820 
1949.05     1821 
1949.06     1821 
1949.07     1823 
1949.08     1827 
1949.09     1838 
1949.10     1841 
1949.11     1848 
1949.12     1850 
1950.01     1856 
1950.02     1862 
1950.03     1867 
1950.04     1873 
1950.05     1883 
1950.06     1886 
1950.07     1890 
1950.08     1897 
1950.09     1907 
1950.10     1908 
1950.11     1912 
1950.12     1918 
1951.01     1921 
1951.02     1928 
1951.03     1933 
1951.04     1938 
1951.05     1945 
1951.06     1952 
1951.07     1959 
1951.08     1966 
1951.09     1971 
1951.10     1974 
1951.11     1990 
1951.12     1994 
1952.01     1992 
1952.02     2004 
1952.03     2014 
1952.04     2022 
1952.05     2027 
1952.06     2031 
1952.07     2043 
1952.08     2045 
1952.09     2048 
1952.10     2057 
1952.11     2062 
1952.12     2068 
1953.01     2077 
1953.02     2085 
1953.03     2090 
1953.04     2095 
1953.05     2100 
1953.06     2106 
1953.07     2119 
1953.08     2121 
1953.09     2123 
1953.10     2131 
1953.11     2136 
1953.12     2144 
1954.01     2153 
1954.02     2161 
1954.03     2168 
1954.04     2181 
1954.05     2189 
1954.06     2196 
1954.07     2201 
1954.08     2203 
1954.09     2226 
1954.10     2232 
1954.11     2239 
1954.12     2245 
1955.01     2249 
1955.02     2256 
1955.03     2267 
1955.04     2272 
1955.05     2279 
1955.06     2294 
1955.07     2306 
1955.08     2314 
1955.09     2325 
1955.10     2330 
1955.11     2334 
1955.12     2345 
1956.01     2351 
1956.02     2363 
1956.03     2375 
1956.04     2380 
1956.05     2385 
1956.06     2391 
1956.07     2396 
1956.08     2408 
1956.09     2397 
1956.10     2403 
1956.11     2409 
1956.12     2408 
1957.01     2406 
1957.02     2415 
1957.03     2421 
1957.04     2423 
1957.05     2427 
1957.06     2436 
1957.07     2447 
1957.08     2445 
1957.09     2444 
1957.10     2455 
1957.11     2465 
1957.12     2471 
1958.01     2476 
1958.02     2475 
1958.03     2472 
1958.04     2475 
1958.05     2480 
1958.06     2476 
1958.07     2475 
1958.08     2480 
1958.09     2485 
1958.10     2489 
1958.11     2489 
1958.12     2495 
1959.01     2511 
1959.02     2513 
1959.03     2523 
1959.04     2534 
1959.05     2540 
1959.06     2548 
1959.07     2556 
1959.08     2559 
1959.09     2566 
1959.10     2573 
1959.11     2578 
1959.12     2586 
1960.01     2591 
1960.02     2602 
1960.03     2609 
1960.04     2616 
1960.05     2618 
1960.06     2624 
1960.07     2633 
1960.08     2640 
1960.09     2647 
1960.10     2646 
1960.11     2655 
1960.12     2659 
1961.01     2663 
1961.02     2665 
1961.03     2664 
1961.04     2671 
1961.05     2678 
1961.06     2685 
1961.07     2691 
1961.08     2698 
1961.09     2702 
1961.10     2707 
1961.11     2713 
1961.12     2719 
1962.01     2723 
1962.02     2728 
1962.03     2733 
1962.04     2739 
1962.05     2746 
1962.06     2752 
1962.07     2756 
1962.08     2762 
1962.09     2766 
1962.10     2775 
1962.11     2783 
1962.12     2786 
1963.01     2796 
1963.02     2801 
1963.03     2807 
1963.04     2814 
1963.05     2824 
1963.06     2825 
1963.07     2831 
1963.08     2838 
1963.09     2841 
1963.10     2855 
1963.11     2859 
1963.12     2870 
1964.01     2878 
1964.02     2887 
1964.03     2894 
1964.04     2902 
1964.05     2906 
1964.06     2909 
1964.07     2916 
1964.08     2918 
1964.09     2925 
1964.10     2928 
1964.11     2933 
1964.12     2936 
1965.01     2943 
1965.02     2948 
1965.03     2954 
1965.04     2958 
1965.05     2966 
1965.06     2969 
1965.07     2979 
1965.08     2984 
1965.09     2993 
1965.10     3004 
1965.11     3009 
1965.12     3014 
1966.01     3018 
1966.02     3020 
1966.03     3034 
1966.04     3038 
1966.05     3046 
1966.06     3057 
1966.07     3071 
1966.08     3070 
1966.09     3075 
1966.10     3080 
1966.11     3087 
1966.12     3099 
1967.01     3107 
1967.02     3119 
1967.03     3133 
1967.04     3148 
1967.05     3163 
1967.06     3180 
1967.07     3192 
1967.08     3210 
1967.09     3223 
1967.10     3234 
1967.11     3247 
1967.12     3263 
1968.01     3269 
1968.02     3283 
1968.03     3293 
1968.04     3302 
1968.05     3312 
1968.06     3316 
1968.07     3333 
1968.08     3356 
1968.09     3368 
1968.10     3389 
1968.11     3403 
1968.12     3415 
1969.01     3431 
1969.02     3448 
1969.03     3462 
1969.04     3478 
1969.05     3490 
1969.06     3508 
1969.07     3525 
1969.08     3542 
1969.09     3546 
1969.10     3557 
1969.11     3569 
1969.12     3582 
1970.01     3597 
1970.02     3608 
1970.03     3625 
1970.04     3632 
1970.05     3637 
1970.06     3640 
1970.07     3647 
1970.08     3650 
1970.09     3662 
1970.10     3670 
1970.11     3683 
1970.12     3695 
1971.01     3709 
1971.02     3716 
1971.03     3725 
1971.04     3739 
1971.05     3751 
1971.06     3773 
1971.07     3779 
1971.08     3787 
1971.09     3801 
1971.10     3813 
1971.11     3829 
1971.12     3840 
1972.01     3848 
1972.02     3854 
1972.03     3865 
1972.04     3878 
1972.05     3886 
1972.06     3914 
1972.07     3917 
1972.08     3926 
1972.09     3933 
1972.10     3945 
1972.11     3959 
1972.12     3967 
1973.01     3976 
1973.02     4000 
1973.03     4015 
1973.04     4021 
1973.05     4033 
1973.06     4045 
1973.07     4059 
1973.08     4064 
1973.09     4072 
1973.10     4075 
1973.11     4089 
1973.12     4100 
1974.01     4113 
1974.02     4131 
1974.03     4133 
1974.04     4137 
1974.05     4145 
1974.06     4157 
1974.07     4158 
1974.08     4158 
1974.09     4161 
1974.10     4164 
1974.11     4164 
1974.12     4158 
1975.01     4151 
1975.02     4144 
1975.03     4141 
1975.04     4149 
1975.05     4150 
1975.06     4151 
1975.07     4157 
1975.08     4169 
1975.09     4178 
1975.10     4192 
1975.11     4194 
1975.12     4207 
1976.01     4211 
1976.02     4218 
1976.03     4228 
1976.04     4240 
1976.05     4250 
1976.06     4262 
1976.07     4266 
1976.08     4275 
1976.09     4300 
1976.10     4319 
1976.11     4330 
1976.12     4347 
1977.01     4363 
1977.02     4375 
1977.03     4401 
1977.04     4422 
1977.05     4437 
1977.06     4454 
1977.07     4469 
1977.08     4484 
1977.09     4513 
1977.10     4538 
1977.11     4565 
1977.12     4581 
1978.01     4600 
1978.02     4631 
1978.03     4650 
1978.04     4666 
1978.05     4688 
1978.06     4718 
1978.07     4740 
1978.08     4755 
1978.09     4772 
1978.10     4794 
1978.11     4827 
1978.12     4845 
1979.01     4871 
1979.02     4891 
1979.03     4907 
1979.04     4924 
1979.05     4952 
1979.06     4971 
1979.07     4986 
1979.08     5015 
1979.09     5014 
1979.10     5039 
1979.11     5055 
1979.12     5068 
1980.01     5092 
1980.02     5108 
1980.03     5122 
1980.04     5125 
1980.05     5139 
1980.06     5152 
1980.07     5161 
1980.08     5173 
1980.09     5184 
1980.10     5211 
1980.11     5223 
1980.12     5230 
1981.01     5261 
1981.02     5271 
1981.03     5277 
1981.04     5290 
1981.05     5297 
1981.06     5298 
1981.07     5305 
1981.08     5310 
1981.09     5311 
1981.10     5315 
1981.11     5316 
1981.12     5318 
1982.01     5325 
1982.02     5327 
1982.03     5333 
1982.04     5331 
1982.05     5332 
1982.06     5342 
1982.07     5341 
1982.08     5341 
1982.09     5345 
1982.10     5348 
1982.11     5356 
1982.12     5360 
1983.01     5375 
1983.02     5389 
1983.03     5398 
1983.04     5421 
1983.05     5432 
1983.06     5444 
1983.07     5470 
1983.08     5494 
1983.09     5517 
1983.10     5529 
1983.11     5548 
1983.12     5571 
1984.01     5585 
1984.02     5603 
1984.03     5624 
1984.04     5634 
1984.05     5651 
1984.06     5670 
1984.07     5685 
1984.08     5705 
1984.09     5725 
1984.10     5752 
1984.11     5773 
1984.12     5798 
1985.01     5817 
1985.02     5836 
1985.03     5859 
1985.04     5884 
1985.05     5907 
1985.06     5928 
1985.07     5950 
1985.08     5978 
1985.09     6008 
1985.10     6038 
1985.11     6071 
1985.12     6103 
1986.01     6116 
1986.02     6150 
1986.03     6174 
1986.04     6208 
1986.05     6235 
1986.06     6262 
1986.07     6294 
1986.08     6320 
1986.09     6343 
1986.10     6365 
1986.11     6383 
1986.12     6419 
1987.01     6434 
1987.02     6453 
1987.03     6474 
1987.04     6507 
1987.05     6524 
1987.06     6534 
1987.07     6555 
1987.08     6566 
1987.09     6573 
1987.10     6590 
1987.11     6584 
1987.12     6599 
1988.01     6608 
1988.02     6608 
1988.03     6619 
1988.04     6620 
1988.05     6623 
1988.06     6630 
1988.07     6634 
1988.08     6633 
1988.09     6632 
1988.10     6639 
1988.11     6648 
1988.12     6651 
1989.01     6649 
1989.02     6656 
1989.03     6658 
1989.04     6659 
1989.05     6662 
1989.06     6668 
1989.07     6672 
1989.08     6679 
1989.09     6680 
1989.10     6676 
1989.11     6683 
1989.12     6685 
1990.01     6687 
1990.02     6699 
1990.03     6694 
1990.04     6701 
1990.05     6708 
1990.06     6716 
1990.07     6719 
1990.08     6726 
1990.09     6723 
1990.10     6718 
1990.11     6709 
1990.12     6702 
1991.01     6707 
1991.02     6699 
1991.03     6699 
1991.04     6680 
1991.05     6665 
1991.06     6651 
1991.07     6631 
1991.08     6619 
1991.09     6610 
1991.10     6605 
1991.11     6598 
1991.12     6594 
1992.01     6578 
1992.02     6583 
1992.03     6575 
1992.04     6583 
1992.05     6593 
1992.06     6599 
1992.07     6593 
1992.08     6601 
1992.09     6613 
1992.10     6622 
1992.11     6631 
1992.12     6648 
1993.01     6658 
1993.02     6670 
1993.03     6673 
1993.04     6695 
1993.05     6719 
1993.06     6741 
1993.07     6765 
1993.08     6782 
1993.09     6808 
1993.10     6832 
1993.11     6857 
1993.12     6877 
1994.01     6893 
1994.02     6908 
1994.03     6927 
1994.04     6925 
1994.05     6917 
1994.06     6915 
1994.07     6907 
1994.08     6900 
1994.09     6886 
1994.10     6868 
1994.11     6854 
1994.12     6836 
1995.01     6823 
1995.02     6812 
1995.03     6809 
1995.04     6801 
1995.05     6792 
1995.06     6788 
1995.07     6793 
1995.08     6801 
1995.09     6804 
1995.10     6812 
1995.11     6819 
1995.12     6828 
1996.01     6831 
1996.02     6848 
1996.03     6856 
1996.04     6867 
1996.05     6888 
1996.06     6897 
1996.07     6910 
1996.08     6917 
1996.09     6925 
1996.10     6941 
1996.11     6949 
1996.12     6962 
1997.01     6971 
1997.02     6980 
1997.03     6992 
1997.04     7019 
1997.05     7029 
1997.06     7034 
1997.07     7054 
1997.08     7065 
