usgood -- All Employees: Goods-Producing Industries Employment(SA, Thousands)        

   DATE    USGOOD

1946.02     15340
1946.03     16153
1946.04     16612
1946.05     17007
1946.06     17282
1946.07     17552
1946.08     17846
1946.09     18065
1946.10     18201
1946.11     18345
1946.12     18429
1947.01     18466
1947.02     18499
1947.03     18490
1947.04     18486
1947.05     18371
1947.06     18415
1947.07     18334
1947.08     18403
1947.09     18505
1947.10     18583
1947.11     18681
1947.12     18824
1948.01     18915
1948.02     18709
1948.03     18781
1948.04     18507
1948.05     18652
1948.06     18778
1948.07     18876
1948.08     18822
1948.09     18916
1948.10     18822
1948.11     18794
1948.12     18679
1949.01     18394
1949.02     18196
1949.03     17979
1949.04     17778
1949.05     17537
1949.06     17403
1949.07     17332
1949.08     17385
1949.09     17509
1949.10     16777
1949.11     17119
1949.12     17359
1950.01     17389
1950.02     17120
1950.03     17564
1950.04     17808
1950.05     18198
1950.06     18422
1950.07     18680
1950.08     19075
1950.09     19220
1950.10     19435
1950.11     19511
1950.12     19534
1951.01     19817
1951.02     19988
1951.03     20042
1951.04     20094
1951.05     20088
1951.06     20081
1951.07     20045
1951.08     19920
1951.09     19809
1951.10     19834
1951.11     19853
1951.12     19957
1952.01     20014
1952.02     20146
1952.03     20067
1952.04     20099
1952.05     20033
1952.06     19644
1952.07     19511
1952.08     20149
1952.09     20422
1952.10     20582
1952.11     20793
1952.12     20935
1953.01     21073
1953.02     21234
1953.03     21294
1953.04     21304
1953.05     21298
1953.06     21279
1953.07     21266
1953.08     21141
1953.09     21067
1953.10     20889
1953.11     20637
1953.12     20474
1954.01     20219
1954.02     20163
1954.03     20032
1954.04     19877
1954.05     19729
1954.06     19645
1954.07     19476
1954.08     19419
1954.09     19480
1954.10     19547
1954.11     19705
1954.12     19747
1955.01     19832
1955.02     19985
1955.03     20191
1955.04     20367
1955.05     20527
1955.06     20641
1955.07     20626
1955.08     20662
1955.09     20677
1955.10     20789
1955.11     20877
1955.12     20942
1956.01     20997
1956.02     21088
1956.03     21024
1956.04     21137
1956.05     21136
1956.06     21208
1956.07     20596
1956.08     21126
1956.09     21139
1956.10     21261
1956.11     21214
1956.12     21291
1957.01     21196
1957.02     21277
1957.03     21271
1957.04     21192
1957.05     21125
1957.06     21093
1957.07     21026
1957.08     20942
1957.09     20844
1957.10     20741
1957.11     20539
1957.12     20419
1958.01     20182
1958.02     19728
1958.03     19503
1958.04     19260
1958.05     19159
1958.06     19174
1958.07     19220
1958.08     19326
1958.09     19501
1958.10     19431
1958.11     19819
1958.12     19840
1959.01     20060
1959.02     20121
1959.03     20313
1959.04     20514
1959.05     20634
1959.06     20763
1959.07     20794
1959.08     20277
1959.09     20247
1959.10     20130
1959.11     20339
1959.12     20721
1960.01     20790
1960.02     20903
1960.03     20630
1960.04     20716
1960.05     20647
1960.06     20543
1960.07     20448
1960.08     20382
1960.09     20261
1960.10     20155
1960.11     20013
1960.12     19754
1961.01     19675
1961.02     19558
1961.03     19621
1961.04     19626
1961.05     19743
1961.06     19880
1961.07     19876
1961.08     19970
1961.09     19965
1961.10     20008
1961.11     20144
1961.12     20201
1962.01     20122
1962.02     20305
1962.03     20328
1962.04     20525
1962.05     20517
1962.06     20473
1962.07     20522
1962.08     20548
1962.09     20550
1962.10     20553
1962.11     20505
1962.12     20429
1963.01     20464
1963.02     20425
1963.03     20448
1963.04     20616
1963.05     20681
1963.06     20650
1963.07     20695
1963.08     20718
1963.09     20746
1963.10     20771
1963.11     20707
1963.12     20724
1964.01     20607
1964.02     20832
1964.03     20833
1964.04     20875
1964.05     20916
1964.06     20958
1964.07     21018
1964.08     21086
1964.09     21226
1964.10     20983
1964.11     21310
1964.12     21403
1965.01     21459
1965.02     21557
1965.03     21605
1965.04     21643
1965.05     21765
1965.06     21850
1965.07     21939
1965.08     22033
1965.09     22134
1965.10     22209
1965.11     22376
1965.12     22536
1966.01     22614
1966.02     22791
1966.03     22950
1966.04     23004
1966.05     23083
1966.06     23251
1966.07     23289
1966.08     23361
1966.09     23301
1966.10     23375
1966.11     23421
1966.12     23467
1967.01     23489
1967.02     23391
1967.03     23314
1967.04     23282
1967.05     23212
1967.06     23200
1967.07     23234
1967.08     23235
1967.09     23226
1967.10     23207
1967.11     23443
1967.12     23479
1968.01     23336
1968.02     23542
1968.03     23543
1968.04     23662
1968.05     23694
1968.06     23714
1968.07     23755
1968.08     23793
1968.09     23832
1968.10     23876
1968.11     23976
1968.12     24092
1969.01     24121
1969.02     24231
1969.03     24307
1969.04     24309
1969.05     24358
1969.06     24444
1969.07     24495
1969.08     24487
1969.09     24482
1969.10     24447
1969.11     24302
1969.12     24354
1970.01     24190
1970.02     24198
1970.03     24202
1970.04     24026
1970.05     23745
1970.06     23647
1970.07     23597
1970.08     23468
1970.09     23380
1970.10     22836
1970.11     22707
1970.12     23019
1971.01     22944
1971.02     22840
1971.03     22827
1971.04     22915
1971.05     22980
1971.06     22919
1971.07     22886
1971.08     22851
1971.09     22989
1971.10     22940
1971.11     23046
1971.12     23073
1972.01     23210
1972.02     23260
1972.03     23384
1972.04     23487
1972.05     23590
1972.06     23677
1972.07     23586
1972.08     23700
1972.09     23797
1972.10     24003
1972.11     24121
1972.12     24179
1973.01     24368
1973.02     24610
1973.03     24690
1973.04     24754
1973.05     24814
1973.06     24928
1973.07     24940
1973.08     24992
1973.09     24978
1973.10     25113
1973.11     25214
1973.12     25264
1974.01     25175
1974.02     25211
1974.03     25134
1974.04     25102
1974.05     25067
1974.06     25017
1974.07     24925
1974.08     24833
1974.09     24721
1974.10     24582
1974.11     24216
1974.12     23653
1975.01     23266
1975.02     22781
1975.03     22481
1975.04     22335
1975.05     22359
1975.06     22291
1975.07     22254
1975.08     22448
1975.09     22607
1975.10     22723
1975.11     22765
1975.12     22891
1976.01     23070
1976.02     23165
1976.03     23237
1976.04     23360
1976.05     23320
1976.06     23315
1976.07     23359
1976.08     23356
1976.09     23498
1976.10     23406
1976.11     23555
1976.12     23580
1977.01     23628
1977.02     23803
1977.03     24000
1977.04     24186
1977.05     24308
1977.06     24431
1977.07     24515
1977.08     24508
1977.09     24612
1977.10     24656
1977.11     24739
1977.12     24746
1978.01     24780
1978.02     24870
1978.03     25055
1978.04     25458
1978.05     25507
1978.06     25656
1978.07     25717
1978.08     25778
1978.09     25820
1978.10     25972
1978.11     26116
1978.12     26235
1979.01     26264
1979.02     26319
1979.03     26511
1979.04     26462
1979.05     26527
1979.06     26599
1979.07     26606
1979.08     26474
1979.09     26471
1979.10     26467
1979.11     26383
1979.12     26451
1980.01     26448
1980.02     26386
1980.03     26307
1980.04     25979
1980.05     25630
1980.06     25331
1980.07     25042
1980.08     25197
1980.09     25254
1980.10     25371
1980.11     25485
1980.12     25585
1981.01     25594
1981.02     25575
1981.03     25654
1981.04     25567
1981.05     25511
1981.06     25634
1981.07     25630
1981.08     25559
1981.09     25564
1981.10     25443
1981.11     25264
1981.12     25044
1982.01     24695
1982.02     24709
1982.03     24544
1982.04     24292
1982.05     24165
1982.06     23898
1982.07     23670
1982.08     23479
1982.09     23396
1982.10     23126
1982.11     22964
1982.12     22894
1983.01     22930
1983.02     22846
1983.03     22826
1983.04     22911
1983.05     23041
1983.06     23172
1983.07     23334
1983.08     23430
1983.09     23628
1983.10     23809
1983.11     23961
1983.12     24058
1984.01     24199
1984.02     24430
1984.03     24496
1984.04     24586
1984.05     24675
1984.06     24783
1984.07     24865
1984.08     24897
1984.09     24893
1984.10     24909
1984.11     24917
1984.12     24963
1985.01     24968
1985.02     24914
1985.03     24953
1985.04     24918
1985.05     24893
1985.06     24843
1985.07     24786
1985.08     24795
1985.09     24761
1985.10     24768
1985.11     24754
1985.12     24765
1986.01     24787
1986.02     24738
1986.03     24679
1986.04     24651
1986.05     24567
1986.06     24472
1986.07     24431
1986.08     24429
1986.09     24415
1986.10     24407
1986.11     24407
1986.12     24446
1987.01     24444
1987.02     24512
1987.03     24517
1987.04     24542
1987.05     24586
1987.06     24584
1987.07     24643
1987.08     24706
1987.09     24761
1987.10     24856
1987.11     24933
1987.12     24992
1988.01     24910
1988.02     24990
1988.03     25057
1988.04     25098
1988.05     25111
1988.06     25156
1988.07     25170
1988.08     25136
1988.09     25157
1988.10     25193
1988.11     25236
1988.12     25265
1989.01     25340
1989.02     25303
1989.03     25308
1989.04     25323
1989.05     25303
1989.06     25254
1989.07     25222
1989.08     25251
1989.09     25200
1989.10     25183
1989.11     25216
1989.12     25137
1990.01     25114
1990.02     25267
1990.03     25212
1990.04     25123
1990.05     25074
1990.06     25031
1990.07     24950
1990.08     24861
1990.09     24783
1990.10     24657
1990.11     24460
1990.12     24375
1991.01     24175
1991.02     24058
1991.03     23926
1991.04     23822
1991.05     23791
1991.06     23741
1991.07     23688
1991.08     23687
1991.09     23648
1991.10     23574
1991.11     23467
1991.12     23409
1992.01     23317
1992.02     23263
1992.03     23239
1992.04     23258
1992.05     23274
1992.06     23247
1992.07     23227
1992.08     23209
1992.09     23178
1992.10     23179
1992.11     23182
1992.12     23209
1993.01     23245
1993.02     23335
1993.03     23261
1993.04     23262
1993.05     23321
1993.06     23304
1993.07     23313
1993.08     23345
1993.09     23387
1993.10     23435
1993.11     23476
1993.12     23534
1994.01     23571
1994.02     23629
1994.03     23698
1994.04     23785
1994.05     23832
1994.06     23889
1994.07     23933
1994.08     23990
1994.09     24053
1994.10     24087
1994.11     24167
1994.12     24217
1995.01     24264
1995.02     24282
1995.03     24278
1995.04     24297
1995.05     24244
1995.06     24251
1995.07     24230
1995.08     24261
1995.09     24290
1995.10     24284
1995.11     24287
1995.12     24308
1996.01     24247
1996.02     24383
1996.03     24377
1996.04     24398
1996.05     24432
1996.06     24453
1996.07     24433
1996.08     24468
1996.09     24439
1996.10     24479
1996.11     24508
1996.12     24540
1997.01     24581
1997.02     24653
1997.03     24670
1997.04     24667
1997.05     24702
1997.06     24714
1997.07     24696
1997.08     24751
