usgovt -- All Employees: Government Employment(SA, Thousands)                        

   DATE    USGOVT

1946.02      5655
1946.03      5639
1946.04      5653
1946.05      5618
1946.06      5555
1946.07      5548
1946.08      5553
1946.09      5530
1946.10      5525
1946.11      5485
1946.12      5462
1947.01      5501
1947.02      5501
1947.03      5491
1947.04      5472
1947.05      5457
1947.06      5416
1947.07      5407
1947.08      5403
1947.09      5415
1947.10      5444
1947.11      5448
1947.12      5469
1948.01      5516
1948.02      5514
1948.03      5532
1948.04      5562
1948.05      5585
1948.06      5622
1948.07      5645
1948.08      5670
1948.09      5680
1948.10      5701
1948.11      5741
1948.12      5765
1949.01      5782
1949.02      5787
1949.03      5818
1949.04      5861
1949.05      5851
1949.06      5836
1949.07      5820
1949.08      5852
1949.09      5871
1949.10      5841
1949.11      5832
1949.12      5826
1950.01      5828
1950.02      5823
1950.03      5979
1950.04      6008
1950.05      5930
1950.06      5907
1950.07      5958
1950.08      6042
1950.09      6099
1950.10      6115
1950.11      6142
1950.12      6169
1951.01      6239
1951.02      6263
1951.03      6301
1951.04      6341
1951.05      6276
1951.06      6350
1951.07      6374
1951.08      6332
1951.09      6398
1951.10      6437
1951.11      6502
1951.12      6479
1952.01      6472
1952.02      6525
1952.03      6540
1952.04      6534
1952.05      6541
1952.06      6557
1952.07      6575
1952.08      6524
1952.09      6568
1952.10      6675
1952.11      6684
1952.12      6704
1953.01      6675
1953.02      6666
1953.03      6654
1953.04      6635
1953.05      6574
1953.06      6590
1953.07      6570
1953.08      6583
1953.09      6601
1953.10      6627
1953.11      6632
1953.12      6635
1954.01      6643
1954.02      6657
1954.03      6662
1954.04      6667
1954.05      6700
1954.06      6722
1954.07      6734
1954.08      6751
1954.09      6762
1954.10      6761
1954.11      6835
1954.12      6824
1955.01      6814
1955.02      6790
1955.03      6805
1955.04      6824
1955.05      6859
1955.06      6891
1955.07      6899
1955.08      6895
1955.09      6938
1955.10      6990
1955.11      6971
1955.12      7007
1956.01      7025
1956.02      7076
1956.03      7119
1956.04      7143
1956.05      7235
1956.06      7237
1956.07      7260
1956.08      7330
1956.09      7350
1956.10      7387
1956.11      7440
1956.12      7454
1957.01      7481
1957.02      7509
1957.03      7537
1957.04      7570
1957.05      7577
1957.06      7572
1957.07      7616
1957.08      7640
1957.09      7618
1957.10      7632
1957.11      7660
1957.12      7664
1958.01      7690
1958.02      7702
1958.03      7719
1958.04      7744
1958.05      7765
1958.06      7794
1958.07      7837
1958.08      7889
1958.09      7883
1958.10      7892
1958.11      7884
1958.12      7926
1959.01      7974
1959.02      7984
1959.03      8002
1959.04      8016
1959.05      8022
1959.06      8009
1959.07      8035
1959.08      8052
1959.09      8108
1959.10      8127
1959.11      8167
1959.12      8194
1960.01      8177
1960.02      8193
1960.03      8383
1960.04      8399
1960.05      8298
1960.06      8298
1960.07      8308
1960.08      8345
1960.09      8361
1960.10      8367
1960.11      8400
1960.12      8419
1961.01      8434
1961.02      8458
1961.03      8481
1961.04      8503
1961.05      8533
1961.06      8555
1961.07      8587
1961.08      8634
1961.09      8661
1961.10      8671
1961.11      8689
1961.12      8705
1962.01      8719
1962.02      8746
1962.03      8770
1962.04      8790
1962.05      8824
1962.06      8868
1962.07      8889
1962.08      8932
1962.09      8954
1962.10      8980
1962.11      9018
1962.12      9038
1963.01      9072
1963.02      9101
1963.03      9113
1963.04      9133
1963.05      9153
1963.06      9174
1963.07      9195
1963.08      9238
1963.09      9284
1963.10      9351
1963.11      9359
1963.12      9398
1964.01      9431
1964.02      9450
1964.03      9481
1964.04      9519
1964.05      9538
1964.06      9545
1964.07      9547
1964.08      9602
1964.09      9651
1964.10      9714
1964.11      9761
1964.12      9785
1965.01      9802
1965.02      9844
1965.03      9881
1965.04      9925
1965.05      9963
1965.06     10009
1965.07     10077
1965.08     10142
1965.09     10199
1965.10     10243
1965.11     10312
1965.12     10366
1966.01     10399
1966.02     10473
1966.03     10556
1966.04     10625
1966.05     10681
1966.06     10763
1966.07     10842
1966.08     10866
1966.09     10898
1966.10     10953
1966.11     11023
1966.12     11091
1967.01     11162
1967.02     11205
1967.03     11249
1967.04     11292
1967.05     11330
1967.06     11398
1967.07     11420
1967.08     11464
1967.09     11475
1967.10     11488
1967.11     11542
1967.12     11576
1968.01     11642
1968.02     11675
1968.03     11696
1968.04     11739
1968.05     11768
1968.06     11842
1968.07     11893
1968.08     11909
1968.09     11918
1968.10     11947
1968.11     11952
1968.12     12026
1969.01     12054
1969.02     12083
1969.03     12088
1969.04     12110
1969.05     12152
1969.06     12209
1969.07     12217
1969.08     12248
1969.09     12235
1969.10     12279
1969.11     12296
1969.12     12340
1970.01     12347
1970.02     12386
1970.03     12469
1970.04     12573
1970.05     12540
1970.06     12518
1970.07     12573
1970.08     12583
1970.09     12601
1970.10     12646
1970.11     12685
1970.12     12701
1971.01     12736
1971.02     12744
1971.03     12780
1971.04     12821
1971.05     12846
1971.06     12864
1971.07     12886
1971.08     12921
1971.09     12927
1971.10     12968
1971.11     13005
1971.12     13053
1972.01     13126
1972.02     13170
1972.03     13200
1972.04     13239
1972.05     13289
1972.06     13256
1972.07     13344
1972.08     13409
1972.09     13437
1972.10     13457
1972.11     13502
1972.12     13542
1973.01     13547
1973.02     13587
1973.03     13619
1973.04     13664
1973.05     13696
1973.06     13725
1973.07     13721
1973.08     13771
1973.09     13750
1973.10     13834
1973.11     13895
1973.12     13919
1974.01     13937
1974.02     14008
1974.03     14034
1974.04     14079
1974.05     14102
1974.06     14086
1974.07     14155
1974.08     14210
1974.09     14280
1974.10     14330
1974.11     14380
1974.12     14397
1975.01     14518
1975.02     14607
1975.03     14617
1975.04     14649
1975.05     14668
1975.06     14640
1975.07     14695
1975.08     14703
1975.09     14714
1975.10     14778
1975.11     14764
1975.12     14797
1976.01     14833
1976.02     14835
1976.03     14849
1976.04     14845
1976.05     14836
1976.06     14835
1976.07     14867
1976.08     14885
1976.09     14870
1976.10     14905
1976.11     14935
1976.12     14947
1977.01     14921
1977.02     14913
1977.03     14916
1977.04     14929
1977.05     14988
1977.06     15082
1977.07     15174
1977.08     15218
1977.09     15293
1977.10     15335
1977.11     15370
1977.12     15410
1978.01     15465
1978.02     15524
1978.03     15592
1978.04     15665
1978.05     15707
1978.06     15719
1978.07     15740
1978.08     15756
1978.09     15687
1978.10     15721
1978.11     15743
1978.12     15762
1979.01     15777
1979.02     15796
1979.03     15813
1979.04     15861
1979.05     15887
1979.06     15938
1979.07     16000
1979.08     16118
1979.09     16033
1979.10     16037
1979.11     16062
1979.12     16082
1980.01     16103
1980.02     16144
1980.03     16224
1980.04     16444
1980.05     16326
1980.06     16310
1980.07     16250
1980.08     16261
1980.09     16182
1980.10     16232
1980.11     16227
1980.12     16210
1981.01     16198
1981.02     16186
1981.03     16145
1981.04     16125
1981.05     16064
1981.06     16044
1981.07     16120
1981.08     16005
1981.09     15818
1981.10     15896
1981.11     15893
1981.12     15895
1982.01     15878
1982.02     15849
1982.03     15868
1982.04     15873
1982.05     15870
1982.06     15894
1982.07     15805
1982.08     15803
1982.09     15726
1982.10     15805
1982.11     15818
1982.12     15824
1983.01     15874
1983.02     15860
1983.03     15866
1983.04     15852
1983.05     15867
1983.06     15886
1983.07     15895
1983.08     15878
1983.09     15870
1983.10     15852
1983.11     15849
1983.12     15864
1984.01     15868
1984.02     15889
1984.03     15895
1984.04     15937
1984.05     15966
1984.06     15988
1984.07     16054
1984.08     16102
1984.09     16109
1984.10     16150
1984.11     16177
1984.12     16150
1985.01     16201
1985.02     16224
1985.03     16263
1985.04     16285
1985.05     16329
1985.06     16351
1985.07     16492
1985.08     16491
1985.09     16492
1985.10     16521
1985.11     16530
1985.12     16552
1986.01     16569
1986.02     16614
1986.03     16606
1986.04     16622
1986.05     16646
1986.06     16630
1986.07     16641
1986.08     16651
1986.09     16757
1986.10     16834
1986.11     16855
1986.12     16873
1987.01     16889
1987.02     16878
1987.03     16907
1987.04     16968
1987.05     16969
1987.06     16977
1987.07     17030
1987.08     17018
1987.09     16978
1987.10     17134
1987.11     17147
1987.12     17200
1988.01     17211
1988.02     17251
1988.03     17302
1988.04     17303
1988.05     17341
1988.06     17363
1988.07     17376
1988.08     17420
1988.09     17445
1988.10     17494
1988.11     17527
1988.12     17566
1989.01     17596
1989.02     17631
1989.03     17652
1989.04     17681
1989.05     17733
1989.06     17764
1989.07     17791
1989.08     17872
1989.09     17868
1989.10     17884
1989.11     17927
1989.12     17950
1990.01     18038
1990.02     18073
1990.03     18202
1990.04     18290
1990.05     18529
1990.06     18557
1990.07     18426
1990.08     18331
1990.09     18312
1990.10     18306
1990.11     18308
1990.12     18304
1991.01     18318
1991.02     18332
1991.03     18346
1991.04     18366
1991.05     18372
1991.06     18435
1991.07     18426
1991.08     18434
1991.09     18418
1991.10     18445
1991.11     18480
1991.12     18501
1992.01     18523
1992.02     18550
1992.03     18582
1992.04     18599
1992.05     18624
1992.06     18626
1992.07     18644
1992.08     18716
1992.09     18710
1992.10     18687
1992.11     18705
1992.12     18719
1993.01     18734
1993.02     18767
1993.03     18766
1993.04     18776
1993.05     18808
1993.06     18828
1993.07     18831
1993.08     18860
1993.09     18885
1993.10     18911
1993.11     18934
1993.12     18964
1994.01     18987
1994.02     19003
1994.03     19027
1994.04     19055
1994.05     19106
1994.06     19103
1994.07     19117
1994.08     19179
1994.09     19195
1994.10     19210
1994.11     19235
1994.12     19242
1995.01     19261
1995.02     19267
1995.03     19281
1995.04     19299
1995.05     19276
1995.06     19302
1995.07     19300
1995.08     19342
1995.09     19308
1995.10     19335
1995.11     19335
1995.12     19346
1996.01     19326
1996.02     19356
1996.03     19396
1996.04     19400
1996.05     19416
1996.06     19437
1996.07     19455
1996.08     19550
1996.09     19513
1996.10     19489
1996.11     19494
1996.12     19514
1997.01     19529
1997.02     19547
1997.03     19545
1997.04     19579
1997.05     19565
1997.06     19639
1997.07     19727
1997.08     19799
