usmine -- All Employees: Mining Employment(SA, Thousands)                            

   DATE    USMINE

1946.02      870 
1946.03      871 
1946.04      566 
1946.05      781 
1946.06      888 
1946.07      917 
1946.08      915 
1946.09      914 
1946.10      917 
1946.11      921 
1946.12      910 
1947.01      938 
1947.02      938 
1947.03      939 
1947.04      930 
1947.05      951 
1947.06      952 
1947.07      945 
1947.08      961 
1947.09      963 
1947.10      972 
1947.11      979 
1947.12      986 
1948.01      990 
1948.02      980 
1948.03      992 
1948.04      899 
1948.05     1009 
1948.06     1012 
1948.07     1001 
1948.08     1010 
1948.09     1014 
1948.10     1007 
1948.11     1006 
1948.12     1007 
1949.01      996 
1949.02      993 
1949.03      983 
1949.04      991 
1949.05      974 
1949.06      958 
1949.07      953 
1949.08      941 
1949.09      935 
1949.10      594 
1949.11      911 
1949.12      930 
1950.01      859 
1950.02      600 
1950.03      931 
1950.04      940 
1950.05      933 
1950.06      933 
1950.07      931 
1950.08      939 
1950.09      941 
1950.10      940 
1950.11      936 
1950.12      930 
1951.01      937 
1951.02      936 
1951.03      931 
1951.04      920 
1951.05      926 
1951.06      929 
1951.07      928 
1951.08      928 
1951.09      925 
1951.10      930 
1951.11      930 
1951.12      928 
1952.01      935 
1952.02      927 
1952.03      930 
1952.04      929 
1952.05      927 
1952.06      842 
1952.07      822 
1952.08      898 
1952.09      899 
1952.10      893 
1952.11      890 
1952.12      890 
1953.01      895 
1953.02      884 
1953.03      874 
1953.04      871 
1953.05      869 
1953.06      864 
1953.07      867 
1953.08      860 
1953.09      860 
1953.10      852 
1953.11      852 
1953.12      847 
1954.01      838 
1954.02      830 
1954.03      814 
1954.04      802 
1954.05      790 
1954.06      787 
1954.07      786 
1954.08      778 
1954.09      764 
1954.10      768 
1954.11      771 
1954.12      770 
1955.01      769 
1955.02      771 
1955.03      780 
1955.04      784 
1955.05      793 
1955.06      794 
1955.07      794 
1955.08      793 
1955.09      804 
1955.10      804 
1955.11      806 
1955.12      807 
1956.01      809 
1956.02      818 
1956.03      826 
1956.04      832 
1956.05      823 
1956.06      833 
1956.07      770 
1956.08      833 
1956.09      835 
1956.10      833 
1956.11      828 
1956.12      824 
1957.01      829 
1957.02      833 
1957.03      831 
1957.04      832 
1957.05      832 
1957.06      835 
1957.07      838 
1957.08      839 
1957.09      831 
1957.10      821 
1957.11      813 
1957.12      808 
1958.01      797 
1958.02      780 
1958.03      765 
1958.04      744 
1958.05      733 
1958.06      734 
1958.07      734 
1958.08      737 
1958.09      743 
1958.10      745 
1958.11      748 
1958.12      752 
1959.01      752 
1959.02      743 
1959.03      743 
1959.04      743 
1959.05      749 
1959.06      754 
1959.07      767 
1959.08      701 
1959.09      684 
1959.10      689 
1959.11      722 
1959.12      731 
1960.01      722 
1960.02      727 
1960.03      721 
1960.04      727 
1960.05      719 
1960.06      716 
1960.07      695 
1960.08      715 
1960.09      708 
1960.10      709 
1960.11      696 
1960.12      688 
1961.01      682 
1961.02      676 
1961.03      673 
1961.04      667 
1961.05      668 
1961.06      671 
1961.07      670 
1961.08      673 
1961.09      675 
1961.10      672 
1961.11      669 
1961.12      666 
1962.01      665 
1962.02      665 
1962.03      661 
1962.04      658 
1962.05      658 
1962.06      651 
1962.07      640 
1962.08      649 
1962.09      646 
1962.10      644 
1962.11      636 
1962.12      631 
1963.01      631 
1963.02      629 
1963.03      631 
1963.04      636 
1963.05      639 
1963.06      638 
1963.07      635 
1963.08      636 
1963.09      637 
1963.10      638 
1963.11      636 
1963.12      636 
1964.01      631 
1964.02      632 
1964.03      632 
1964.04      633 
1964.05      631 
1964.06      636 
1964.07      633 
1964.08      630 
1964.09      634 
1964.10      638 
1964.11      641 
1964.12      639 
1965.01      637 
1965.02      636 
1965.03      635 
1965.04      634 
1965.05      634 
1965.06      631 
1965.07      630 
1965.08      629 
1965.09      624 
1965.10      632 
1965.11      633 
1965.12      632 
1966.01      633 
1966.02      629 
1966.03      633 
1966.04      595 
1966.05      628 
1966.06      628 
1966.07      629 
1966.08      632 
1966.09      632 
1966.10      631 
1966.11      628 
1966.12      626 
1967.01      628 
1967.02      625 
1967.03      624 
1967.04      623 
1967.05      620 
1967.06      618 
1967.07      619 
1967.08      603 
1967.09      602 
1967.10      601 
1967.11      600 
1967.12      599 
1968.01      595 
1968.02      598 
1968.03      598 
1968.04      613 
1968.05      612 
1968.06      610 
1968.07      613 
1968.08      614 
1968.09      618 
1968.10      571 
1968.11      618 
1968.12      616 
1969.01      617 
1969.02      616 
1969.03      614 
1969.04      614 
1969.05      614 
1969.06      614 
1969.07      619 
1969.08      622 
1969.09      628 
1969.10      628 
1969.11      626 
1969.12      627 
1970.01      624 
1970.02      622 
1970.03      622 
1970.04      621 
1970.05      620 
1970.06      621 
1970.07      620 
1970.08      624 
1970.09      626 
1970.10      628 
1970.11      629 
1970.12      628 
1971.01      625 
1971.02      619 
1971.03      621 
1971.04      623 
1971.05      626 
1971.06      625 
1971.07      605 
1971.08      620 
1971.09      626 
1971.10      558 
1971.11      563 
1971.12      628 
1972.01      628 
1972.02      626 
1972.03      628 
1972.04      621 
1972.05      624 
1972.06      627 
1972.07      622 
1972.08      628 
1972.09      635 
1972.10      634 
1972.11      633 
1972.12      628 
1973.01      628 
1973.02      633 
1973.03      632 
1973.04      632 
1973.05      632 
1973.06      636 
1973.07      641 
1973.08      647 
1973.09      648 
1973.10      652 
1973.11      659 
1973.12      665 
1974.01      672 
1974.02      676 
1974.03      676 
1974.04      686 
1974.05      692 
1974.06      695 
1974.07      700 
1974.08      710 
1974.09      711 
1974.10      722 
1974.11      726 
1974.12      694 
1975.01      740 
1975.02      743 
1975.03      743 
1975.04      740 
1975.05      749 
1975.06      746 
1975.07      747 
1975.08      759 
1975.09      749 
1975.10      760 
1975.11      765 
1975.12      777 
1976.01      779 
1976.02      778 
1976.03      778 
1976.04      774 
1976.05      771 
1976.06      768 
1976.07      780 
1976.08      758 
1976.09      781 
1976.10      786 
1976.11      793 
1976.12      804 
1977.01      810 
1977.02      817 
1977.03      825 
1977.04      827 
1977.05      826 
1977.06      829 
1977.07      808 
1977.08      801 
1977.09      826 
1977.10      834 
1977.11      846 
1977.12      698 
1978.01      694 
1978.02      699 
1978.03      713 
1978.04      880 
1978.05      883 
1978.06      882 
1978.07      890 
1978.08      898 
1978.09      893 
1978.10      907 
1978.11      918 
1978.12      927 
1979.01      936 
1979.02      950 
1979.03      953 
1979.04      947 
1979.05      950 
1979.06      944 
1979.07      953 
1979.08      965 
1979.09      964 
1979.10      973 
1979.11      978 
1979.12      989 
1980.01      986 
1980.02     1002 
1980.03     1013 
1980.04     1026 
1980.05     1039 
1980.06     1041 
1980.07     1019 
1980.08     1009 
1980.09     1024 
1980.10     1037 
1980.11     1057 
1980.12     1080 
1981.01     1093 
1981.02     1106 
1981.03     1121 
1981.04      980 
1981.05      994 
1981.06     1154 
1981.07     1184 
1981.08     1196 
1981.09     1205 
1981.10     1207 
1981.11     1212 
1981.12     1213 
1982.01     1210 
1982.02     1216 
1982.03     1219 
1982.04     1203 
1982.05     1175 
1982.06     1151 
1982.07     1119 
1982.08     1093 
1982.09     1072 
1982.10     1047 
1982.11     1025 
1982.12     1007 
1983.01      991 
1983.02      966 
1983.03      956 
1983.04      944 
1983.05      940 
1983.06      940 
1983.07      945 
1983.08      942 
1983.09      943 
1983.10      952 
1983.11      952 
1983.12      954 
1984.01      959 
1984.02      962 
1984.03      964 
1984.04      963 
1984.05      969 
1984.06      976 
1984.07      976 
1984.08      978 
1984.09      976 
1984.10      962 
1984.11      955 
1984.12      945 
1985.01      946 
1985.02      945 
1985.03      945 
1985.04      950 
1985.05      944 
1985.06      938 
1985.07      927 
1985.08      921 
1985.09      913 
1985.10      904 
1985.11      896 
1985.12      890 
1986.01      889 
1986.02      872 
1986.03      845 
1986.04      812 
1986.05      781 
1986.06      764 
1986.07      756 
1986.08      737 
1986.09      724 
1986.10      720 
1986.11      716 
1986.12      711 
1987.01      708 
1987.02      706 
1987.03      707 
1987.04      708 
1987.05      711 
1987.06      713 
1987.07      716 
1987.08      720 
1987.09      727 
1987.10      732 
1987.11      730 
1987.12      729 
1988.01      727 
1988.02      728 
1988.03      723 
1988.04      721 
1988.05      718 
1988.06      713 
1988.07      712 
1988.08      711 
1988.09      704 
1988.10      702 
1988.11      695 
1988.12      693 
1989.01      692 
1989.02      689 
1989.03      691 
1989.04      692 
1989.05      690 
1989.06      680 
1989.07      670 
1989.08      696 
1989.09      696 
1989.10      698 
1989.11      700 
1989.12      699 
1990.01      704 
1990.02      706 
1990.03      705 
1990.04      709 
1990.05      710 
1990.06      713 
1990.07      712 
1990.08      709 
1990.09      711 
1990.10      709 
1990.11      710 
1990.12      712 
1991.01      710 
1991.02      710 
1991.03      709 
1991.04      705 
1991.05      701 
1991.06      697 
1991.07      689 
1991.08      684 
1991.09      676 
1991.10      670 
1991.11      662 
1991.12      658 
1992.01      653 
1992.02      649 
1992.03      648 
1992.04      643 
1992.05      641 
1992.06      634 
1992.07      631 
1992.08      625 
1992.09      621 
1992.10      622 
1992.11      622 
1992.12      622 
1993.01      623 
1993.02      614 
1993.03      616 
1993.04      612 
1993.05      613 
1993.06      608 
1993.07      606 
1993.08      600 
1993.09      602 
1993.10      603 
1993.11      601 
1993.12      615 
1994.01      613 
1994.02      608 
1994.03      604 
1994.04      601 
1994.05      598 
1994.06      597 
1994.07      597 
1994.08      597 
1994.09      600 
1994.10      596 
1994.11      596 
1994.12      593 
1995.01      592 
1995.02      587 
1995.03      587 
1995.04      585 
1995.05      582 
1995.06      581 
1995.07      579 
1995.08      577 
1995.09      577 
1995.10      576 
1995.11      573 
1995.12      573 
1996.01      573 
1996.02      576 
1996.03      577 
1996.04      577 
1996.05      579 
1996.06      577 
1996.07      574 
1996.08      574 
1996.09      571 
1996.10      570 
1996.11      571 
1996.12      571 
1997.01      574 
1997.02      574 
1997.03      572 
1997.04      573 
1997.05      576 
1997.06      574 
1997.07      573 
1997.08      571 
