usserv -- All Employees: Services Employment(SA, Thousands)                          

   DATE    USSERV

1946.02      4530
1946.03      4581
1946.04      4625
1946.05      4652
1946.06      4681
1946.07      4696
1946.08      4737
1946.09      4808
1946.10      4817
1946.11      4846
1946.12      4874
1947.01      4942
1947.02      4955
1947.03      4969
1947.04      4980
1947.05      4998
1947.06      5017
1947.07      5033
1947.08      5041
1947.09      5059
1947.10      5088
1947.11      5099
1947.12      5108
1948.01      5115
1948.02      5112
1948.03      5132
1948.04      5160
1948.05      5175
1948.06      5193
1948.07      5199
1948.08      5207
1948.09      5216
1948.10      5208
1948.11      5211
1948.12      5228
1949.01      5198
1949.02      5207
1949.03      5206
1949.04      5222
1949.05      5238
1949.06      5234
1949.07      5245
1949.08      5242
1949.09      5261
1949.10      5265
1949.11      5272
1949.12      5277
1950.01      5262
1950.02      5281
1950.03      5285
1950.04      5315
1950.05      5337
1950.06      5356
1950.07      5372
1950.08      5396
1950.09      5400
1950.10      5408
1950.11      5423
1950.12      5436
1951.01      5464
1951.02      5481
1951.03      5509
1951.04      5513
1951.05      5523
1951.06      5542
1951.07      5560
1951.08      5586
1951.09      5578
1951.10      5590
1951.11      5607
1951.12      5612
1952.01      5639
1952.02      5665
1952.03      5664
1952.04      5673
1952.05      5690
1952.06      5692
1952.07      5701
1952.08      5718
1952.09      5720
1952.10      5727
1952.11      5738
1952.12      5762
1953.01      5747
1953.02      5769
1953.03      5785
1953.04      5804
1953.05      5816
1953.06      5837
1953.07      5847
1953.08      5862
1953.09      5887
1953.10      5885
1953.11      5889
1953.12      5896
1954.01      5885
1954.02      5896
1954.03      5904
1954.04      5920
1954.05      5936
1954.06      5957
1954.07      5991
1954.08      6003
1954.09      6034
1954.10      6020
1954.11      6033
1954.12      6053
1955.01      6079
1955.02      6097
1955.03      6120
1955.04      6158
1955.05      6178
1955.06      6206
1955.07      6252
1955.08      6284
1955.09      6322
1955.10      6368
1955.11      6399
1955.12      6419
1956.01      6431
1956.02      6458
1956.03      6486
1956.04      6494
1956.05      6487
1956.06      6487
1956.07      6475
1956.08      6481
1956.09      6505
1956.10      6532
1956.11      6553
1956.12      6570
1957.01      6605
1957.02      6641
1957.03      6654
1957.04      6672
1957.05      6706
1957.06      6715
1957.07      6737
1957.08      6744
1957.09      6759
1957.10      6757
1957.11      6755
1957.12      6744
1958.01      6718
1958.02      6709
1958.03      6715
1958.04      6716
1958.05      6722
1958.06      6728
1958.07      6752
1958.08      6781
1958.09      6796
1958.10      6826
1958.11      6832
1958.12      6879
1959.01      6941
1959.02      6975
1959.03      7003
1959.04      7044
1959.05      7067
1959.06      7085
1959.07      7090
1959.08      7106
1959.09      7135
1959.10      7167
1959.11      7194
1959.12      7234
1960.01      7268
1960.02      7304
1960.03      7301
1960.04      7336
1960.05      7353
1960.06      7382
1960.07      7404
1960.08      7410
1960.09      7409
1960.10      7438
1960.11      7460
1960.12      7470
1961.01      7492
1961.02      7505
1961.03      7531
1961.04      7541
1961.05      7544
1961.06      7586
1961.07      7619
1961.08      7654
1961.09      7695
1961.10      7716
1961.11      7752
1961.12      7792
1962.01      7817
1962.02      7851
1962.03      7879
1962.04      7910
1962.05      7948
1962.06      7985
1962.07      8010
1962.08      8040
1962.09      8062
1962.10      8077
1962.11      8090
1962.12      8108
1963.01      8123
1963.02      8141
1963.03      8178
1963.04      8200
1963.05      8219
1963.06      8257
1963.07      8283
1963.08      8317
1963.09      8351
1963.10      8405
1963.11      8414
1963.12      8436
1964.01      8487
1964.02      8522
1964.03      8531
1964.04      8577
1964.05      8617
1964.06      8647
1964.07      8691
1964.08      8711
1964.09      8759
1964.10      8779
1964.11      8789
1964.12      8806
1965.01      8841
1965.02      8875
1965.03      8904
1965.04      8951
1965.05      8993
1965.06      9016
1965.07      9070
1965.08      9092
1965.09      9125
1965.10      9153
1965.11      9183
1965.12      9231
1966.01      9268
1966.02      9308
1966.03      9346
1966.04      9386
1966.05      9428
1966.06      9482
1966.07      9530
1966.08      9571
1966.09      9599
1966.10      9644
1966.11      9687
1966.12      9731
1967.01      9783
1967.02      9822
1967.03      9877
1967.04      9927
1967.05      9969
1967.06     10019
1967.07     10074
1967.08     10120
1967.09     10175
1967.10     10197
1967.11     10272
1967.12     10312
1968.01     10335
1968.02     10387
1968.03     10407
1968.04     10429
1968.05     10470
1968.06     10539
1968.07     10581
1968.08     10629
1968.09     10647
1968.10     10722
1968.11     10801
1968.12     10856
1969.01     10912
1969.02     10962
1969.03     11035
1969.04     11076
1969.05     11117
1969.06     11152
1969.07     11197
1969.08     11237
1969.09     11263
1969.10     11333
1969.11     11353
1969.12     11395
1970.01     11432
1970.02     11481
1970.03     11496
1970.04     11525
1970.05     11553
1970.06     11537
1970.07     11516
1970.08     11494
1970.09     11593
1970.10     11632
1970.11     11653
1970.12     11667
1971.01     11692
1971.02     11683
1971.03     11714
1971.04     11729
1971.05     11758
1971.06     11787
1971.07     11801
1971.08     11786
1971.09     11857
1971.10     11877
1971.11     11915
1971.12     11956
1972.01     11990
1972.02     12024
1972.03     12065
1972.04     12133
1972.05     12201
1972.06     12330
1972.07     12320
1972.08     12367
1972.09     12362
1972.10     12440
1972.11     12499
1972.12     12562
1973.01     12630
1973.02     12689
1973.03     12730
1973.04     12759
1973.05     12773
1973.06     12793
1973.07     12779
1973.08     12885
1973.09     12981
1973.10     13021
1973.11     13099
1973.12     13133
1974.01     13172
1974.02     13239
1974.03     13280
1974.04     13303
1974.05     13390
1974.06     13444
1974.07     13515
1974.08     13533
1974.09     13552
1974.10     13616
1974.11     13646
1974.12     13636
1975.01     13649
1975.02     13696
1975.03     13722
1975.04     13769
1975.05     13813
1975.06     13792
1975.07     13947
1975.08     14018
1975.09     14001
1975.10     14058
1975.11     14103
1975.12     14159
1976.01     14242
1976.02     14293
1976.03     14367
1976.04     14435
1976.05     14481
1976.06     14541
1976.07     14622
1976.08     14639
1976.09     14665
1976.10     14708
1976.11     14775
1976.12     14836
1977.01     14893
1977.02     14939
1977.03     15014
1977.04     15086
1977.05     15147
1977.06     15232
1977.07     15336
1977.08     15411
1977.09     15529
1977.10     15600
1977.11     15693
1977.12     15750
1978.01     15745
1978.02     15837
1978.03     15947
1978.04     16066
1978.05     16153
1978.06     16237
1978.07     16330
1978.08     16435
1978.09     16475
1978.10     16496
1978.11     16612
1978.12     16691
1979.01     16692
1979.02     16799
1979.03     16908
1979.04     16955
1979.05     17042
1979.06     17120
1979.07     17148
1979.08     17221
1979.09     17261
1979.10     17337
1979.11     17390
1979.12     17471
1980.01     17506
1980.02     17617
1980.03     17703
1980.04     17746
1980.05     17804
1980.06     17847
1980.07     17919
1980.08     17990
1980.09     18051
1980.10     18095
1980.11     18156
1980.12     18240
1981.01     18357
1981.02     18400
1981.03     18439
1981.04     18487
1981.05     18533
1981.06     18581
1981.07     18624
1981.08     18682
1981.09     18725
1981.10     18805
1981.11     18848
1981.12     18896
1982.01     18945
1982.02     18964
1982.03     18977
1982.04     18954
1982.05     18984
1982.06     18996
1982.07     19025
1982.08     19035
1982.09     19040
1982.10     19059
1982.11     19118
1982.12     19152
1983.01     19202
1983.02     19217
1983.03     19337
1983.04     19430
1983.05     19496
1983.06     19622
1983.07     19729
1983.08     19819
1983.09     19922
1983.10     19976
1983.11     20048
1983.12     20150
1984.01     20221
1984.02     20337
1984.03     20422
1984.04     20520
1984.05     20627
1984.06     20718
1984.07     20768
1984.08     20825
1984.09     20986
1984.10     21082
1984.11     21181
1984.12     21257
1985.01     21391
1985.02     21477
1985.03     21598
1985.04     21670
1985.05     21795
1985.06     21858
1985.07     21915
1985.08     22055
1985.09     22186
1985.10     22287
1985.11     22405
1985.12     22482
1986.01     22527
1986.02     22588
1986.03     22663
1986.04     22762
1986.05     22833
1986.06     22895
1986.07     22978
1986.08     23061
1986.09     23153
1986.10     23255
1986.11     23334
1986.12     23431
1987.01     23554
1987.02     23620
1987.03     23737
1987.04     23861
1987.05     23973
1987.06     24047
1987.07     24186
1987.08     24296
1987.09     24350
1987.10     24472
1987.11     24539
1987.12     24669
1988.01     24779
1988.02     24920
1988.03     25026
1988.04     25145
1988.05     25275
1988.06     25440
1988.07     25591
1988.08     25715
1988.09     25846
1988.10     25962
1988.11     26085
1988.12     26218
1989.01     26334
1989.02     26448
1989.03     26586
1989.04     26708
1989.05     26767
1989.06     26878
1989.07     26951
1989.08     27039
1989.09     27144
1989.10     27213
1989.11     27347
1989.12     27433
1990.01     27549
1990.02     27670
1990.03     27801
1990.04     27811
1990.05     27898
1990.06     27958
1990.07     28008
1990.08     28048
1990.09     28075
1990.10     28084
1990.11     28125
1990.12     28138
1991.01     28203
1991.02     28169
1991.03     28172
1991.04     28165
1991.05     28200
1991.06     28278
1991.07     28297
1991.08     28384
1991.09     28469
1991.10     28535
1991.11     28549
1991.12     28604
1992.01     28670
1992.02     28681
1992.03     28726
1992.04     28807
1992.05     28917
1992.06     28996
1992.07     29072
1992.08     29149
1992.09     29236
1992.10     29333
1992.11     29433
1992.12     29541
1993.01     29644
1993.02     29769
1993.03     29805
1993.04     29960
1993.05     30061
1993.06     30154
1993.07     30251
1993.08     30342
1993.09     30407
1993.10     30537
1993.11     30648
1993.12     30727
1994.01     30805
1994.02     30885
1994.03     31035
1994.04     31227
1994.05     31346
1994.06     31500
1994.07     31682
1994.08     31809
1994.09     31934
1994.10     32066
1994.11     32237
1994.12     32348
1995.01     32482
1995.02     32646
1995.03     32793
1995.04     32879
1995.05     32937
1995.06     33041
1995.07     33108
1995.08     33280
1995.09     33404
1995.10     33487
1995.11     33589
1995.12     33703
1996.01     33698
1996.02     33938
1996.03     34064
1996.04     34150
1996.05     34277
1996.06     34390
1996.07     34465
1996.08     34560
1996.09     34621
1996.10     34717
1996.11     34800
1996.12     34884
1997.01     34990
1997.02     35091
1997.03     35176
1997.04     35334
1997.05     35451
1997.06     35522
1997.07     35677
1997.08     35709
