ustpu -- All Employees: Transportation & Public Utilities Employ.(SA, Thousands)    

   DATE    USTPU

1946.02     4032
1946.03     4048
1946.04     4049
1946.05     4004
1946.06     3998
1946.07     4045
1946.08     4088
1946.09     4079
1946.10     4117
1946.11     4141
1946.12     4112
1947.01     4157
1947.02     4156
1947.03     4157
1947.04     4024
1947.05     4119
1947.06     4186
1947.07     4189
1947.08     4196
1947.09     4200
1947.10     4186
1947.11     4198
1947.12     4216
1948.01     4183
1948.02     4200
1948.03     4193
1948.04     4120
1948.05     4198
1948.06     4201
1948.07     4216
1948.08     4197
1948.09     4189
1948.10     4190
1948.11     4181
1948.12     4197
1949.01     4138
1949.02     4112
1949.03     4047
1949.04     4055
1949.05     4078
1949.06     4035
1949.07     3991
1949.08     3961
1949.09     3944
1949.10     3851
1949.11     3886
1949.12     3923
1950.01     3926
1950.02     3903
1950.03     3913
1950.04     3976
1950.05     3915
1950.06     4020
1950.07     4053
1950.08     4106
1950.09     4141
1950.10     4143
1950.11     4154
1950.12     4156
1951.01     4186
1951.02     4209
1951.03     4229
1951.04     4254
1951.05     4236
1951.06     4231
1951.07     4221
1951.08     4226
1951.09     4227
1951.10     4221
1951.11     4245
1951.12     4235
1952.01     4258
1952.02     4275
1952.03     4265
1952.04     4224
1952.05     4234
1952.06     4224
1952.07     4165
1952.08     4222
1952.09     4250
1952.10     4281
1952.11     4293
1952.12     4291
1953.01     4283
1953.02     4294
1953.03     4302
1953.04     4302
1953.05     4312
1953.06     4307
1953.07     4315
1953.08     4302
1953.09     4294
1953.10     4285
1953.11     4261
1953.12     4229
1954.01     4189
1954.02     4152
1954.03     4082
1954.04     4106
1954.05     4083
1954.06     4076
1954.07     4071
1954.08     4055
1954.09     4052
1954.10     4047
1954.11     4042
1954.12     4054
1955.01     4066
1955.02     4075
1955.03     4083
1955.04     4056
1955.05     4099
1955.06     4151
1955.07     4163
1955.08     4183
1955.09     4186
1955.10     4181
1955.11     4212
1955.12     4221
1956.01     4227
1956.02     4237
1956.03     4243
1956.04     4257
1956.05     4260
1956.06     4257
1956.07     4210
1956.08     4239
1956.09     4246
1956.10     4244
1956.11     4249
1956.12     4259
1957.01     4257
1957.02     4261
1957.03     4278
1957.04     4278
1957.05     4268
1957.06     4245
1957.07     4248
1957.08     4265
1957.09     4252
1957.10     4211
1957.11     4179
1957.12     4155
1958.01     4111
1958.02     4071
1958.03     4018
1958.04     3978
1958.05     3961
1958.06     3939
1958.07     3930
1958.08     3929
1958.09     3924
1958.10     3948
1958.11     3956
1958.12     3958
1959.01     3998
1959.02     4001
1959.03     4011
1959.04     4023
1959.05     4035
1959.06     4035
1959.07     4035
1959.08     4005
1959.09     4002
1959.10     3978
1959.11     3994
1959.12     4019
1960.01     4025
1960.02     4037
1960.03     4038
1960.04     4052
1960.05     4031
1960.06     4028
1960.07     4015
1960.08     4000
1960.09     3982
1960.10     3966
1960.11     3952
1960.12     3929
1961.01     3922
1961.02     3906
1961.03     3897
1961.04     3880
1961.05     3884
1961.06     3892
1961.07     3909
1961.08     3907
1961.09     3914
1961.10     3907
1961.11     3916
1961.12     3908
1962.01     3904
1962.02     3913
1962.03     3916
1962.04     3915
1962.05     3916
1962.06     3908
1962.07     3885
1962.08     3898
1962.09     3896
1962.10     3908
1962.11     3904
1962.12     3913
1963.01     3818
1963.02     3907
1963.03     3898
1963.04     3896
1963.05     3903
1963.06     3915
1963.07     3929
1963.08     3919
1963.09     3921
1963.10     3916
1963.11     3908
1963.12     3902
1964.01     3894
1964.02     3899
1964.03     3898
1964.04     3912
1964.05     3926
1964.06     3942
1964.07     3966
1964.08     3975
1964.09     3994
1964.10     3999
1964.11     3996
1964.12     4017
1965.01     3913
1965.02     3959
1965.03     3991
1965.04     3995
1965.05     4009
1965.06     4045
1965.07     4048
1965.08     4065
1965.09     4098
1965.10     4107
1965.11     4100
1965.12     4102
1966.01     4074
1966.02     4084
1966.03     4100
1966.04     4105
1966.05     4130
1966.06     4174
1966.07     4153
1966.08     4144
1966.09     4221
1966.10     4232
1966.11     4243
1966.12     4244
1967.01     4226
1967.02     4220
1967.03     4236
1967.04     4198
1967.05     4264
1967.06     4285
1967.07     4301
1967.08     4295
1967.09     4301
1967.10     4289
1967.11     4309
1967.12     4306
1968.01     4257
1968.02     4271
1968.03     4280
1968.04     4278
1968.05     4238
1968.06     4312
1968.07     4327
1968.08     4347
1968.09     4370
1968.10     4372
1968.11     4380
1968.12     4389
1969.01     4332
1969.02     4338
1969.03     4363
1969.04     4398
1969.05     4417
1969.06     4471
1969.07     4484
1969.08     4492
1969.09     4507
1969.10     4502
1969.11     4506
1969.12     4510
1970.01     4487
1970.02     4475
1970.03     4489
1970.04     4465
1970.05     4485
1970.06     4543
1970.07     4585
1970.08     4565
1970.09     4565
1970.10     4544
1970.11     4531
1970.12     4472
1971.01     4465
1971.02     4481
1971.03     4480
1971.04     4470
1971.05     4491
1971.06     4515
1971.07     4511
1971.08     4469
1971.09     4501
1971.10     4461
1971.11     4454
1971.12     4486
1972.01     4485
1972.02     4497
1972.03     4527
1972.04     4519
1972.05     4522
1972.06     4543
1972.07     4535
1972.08     4533
1972.09     4564
1972.10     4578
1972.11     4584
1972.12     4611
1973.01     4598
1973.02     4605
1973.03     4623
1973.04     4630
1973.05     4644
1973.06     4643
1973.07     4645
1973.08     4663
1973.09     4693
1973.10     4711
1973.11     4703
1973.12     4716
1974.01     4737
1974.02     4738
1974.03     4737
1974.04     4731
1974.05     4733
1974.06     4734
1974.07     4740
1974.08     4734
1974.09     4713
1974.10     4716
1974.11     4704
1974.12     4688
1975.01     4645
1975.02     4596
1975.03     4565
1975.04     4548
1975.05     4543
1975.06     4519
1975.07     4521
1975.08     4519
1975.09     4522
1975.10     4520
1975.11     4519
1975.12     4496
1976.01     4539
1976.02     4550
1976.03     4559
1976.04     4568
1976.05     4568
1976.06     4575
1976.07     4595
1976.08     4595
1976.09     4615
1976.10     4597
1976.11     4605
1976.12     4631
1977.01     4647
1977.02     4656
1977.03     4657
1977.04     4678
1977.05     4701
1977.06     4707
1977.07     4725
1977.08     4727
1977.09     4766
1977.10     4747
1977.11     4764
1977.12     4784
1978.01     4804
1978.02     4825
1978.03     4858
1978.04     4896
1978.05     4908
1978.06     4938
1978.07     4906
1978.08     4929
1978.09     4953
1978.10     4993
1978.11     5021
1978.12     5044
1979.01     5062
1979.02     5082
1979.03     5101
1979.04     5005
1979.05     5109
1979.06     5166
1979.07     5163
1979.08     5188
1979.09     5178
1979.10     5183
1979.11     5198
1979.12     5196
1980.01     5195
1980.02     5186
1980.03     5182
1980.04     5165
1980.05     5151
1980.06     5126
1980.07     5120
1980.08     5118
1980.09     5120
1980.10     5136
1980.11     5130
1980.12     5139
1981.01     5150
1981.02     5159
1981.03     5163
1981.04     5161
1981.05     5157
1981.06     5163
1981.07     5180
1981.08     5184
1981.09     5176
1981.10     5169
1981.11     5170
1981.12     5151
1982.01     5147
1982.02     5139
1982.03     5128
1982.04     5108
1982.05     5113
1982.06     5095
1982.07     5079
1982.08     5065
1982.09     5043
1982.10     5033
1982.11     5023
1982.12     5016
1983.01     4977
1983.02     4969
1983.03     4977
1983.04     4989
1983.05     4995
1983.06     4994
1983.07     4999
1983.08     4366
1983.09     5045
1983.10     5047
1983.11     5034
1983.12     5037
1984.01     5087
1984.02     5103
1984.03     5117
1984.04     5127
1984.05     5144
1984.06     5164
1984.07     5166
1984.08     5186
1984.09     5184
1984.10     5196
1984.11     5196
1984.12     5200
1985.01     5213
1985.02     5223
1985.03     5204
1985.04     5220
1985.05     5231
1985.06     5232
1985.07     5241
1985.08     5227
1985.09     5243
1985.10     5253
1985.11     5254
1985.12     5257
1986.01     5260
1986.02     5255
1986.03     5246
1986.04     5242
1986.05     5251
1986.06     5148
1986.07     5250
1986.08     5222
1986.09     5261
1986.10     5259
1986.11     5285
1986.12     5290
1987.01     5297
1987.02     5310
1987.03     5314
1987.04     5342
1987.05     5343
1987.06     5343
1987.07     5351
1987.08     5367
1987.09     5394
1987.10     5410
1987.11     5429
1987.12     5439
1988.01     5450
1988.02     5458
1988.03     5476
1988.04     5482
1988.05     5496
1988.06     5506
1988.07     5519
1988.08     5535
1988.09     5537
1988.10     5544
1988.11     5562
1988.12     5573
1989.01     5578
1989.02     5607
1989.03     5581
1989.04     5600
1989.05     5610
1989.06     5618
1989.07     5627
1989.08     5526
1989.09     5614
1989.10     5629
1989.11     5649
1989.12     5734
1990.01     5741
1990.02     5760
1990.03     5762
1990.04     5770
1990.05     5785
1990.06     5788
1990.07     5781
1990.08     5773
1990.09     5783
1990.10     5787
1990.11     5780
1990.12     5799
1991.01     5812
1991.02     5774
1991.03     5758
1991.04     5757
1991.05     5753
1991.06     5742
1991.07     5754
1991.08     5756
1991.09     5746
1991.10     5744
1991.11     5738
1991.12     5725
1992.01     5706
1992.02     5709
1992.03     5708
1992.04     5711
1992.05     5709
1992.06     5715
1992.07     5712
1992.08     5718
1992.09     5726
1992.10     5732
1992.11     5732
1992.12     5738
1993.01     5766
1993.02     5768
1993.03     5772
1993.04     5779
1993.05     5794
1993.06     5811
1993.07     5823
1993.08     5820
1993.09     5835
1993.10     5847
1993.11     5865
1993.12     5854
1994.01     5893
1994.02     5914
1994.03     5941
1994.04     5903
1994.05     5973
1994.06     5982
1994.07     6000
1994.08     6013
1994.09     6022
1994.10     6034
1994.11     6057
1994.12     6088
1995.01     6089
1995.02     6109
1995.03     6116
1995.04     6119
1995.05     6111
1995.06     6112
1995.07     6111
1995.08     6139
1995.09     6140
1995.10     6182
1995.11     6195
1995.12     6179
1996.01     6195
1996.02     6203
1996.03     6211
1996.04     6229
1996.05     6246
1996.06     6270
1996.07     6296
1996.08     6299
1996.09     6290
1996.10     6293
1996.11     6303
1996.12     6288
1997.01     6351
1997.02     6376
1997.03     6405
1997.04     6421
1997.05     6431
1997.06     6434
1997.07     6453
1997.08     6293
