ustrade -- All Employees: Retail Trade Employment(SA, Thousands)                      

   DATE    USTRADE

1946.02      5844 
1946.03      5903 
1946.04      6011 
1946.05      6017 
1946.06      6053 
1946.07      6107 
1946.08      6202 
1946.09      6208 
1946.10      6222 
1946.11      6298 
1946.12      6287 
1947.01      6315 
1947.02      6349 
1947.03      6385 
1947.04      6397 
1947.05      6446 
1947.06      6475 
1947.07      6504 
1947.08      6512 
1947.09      6540 
1947.10      6586 
1947.11      6587 
1947.12      6599 
1948.01      6617 
1948.02      6620 
1948.03      6631 
1948.04      6576 
1948.05      6644 
1948.06      6670 
1948.07      6690 
1948.08      6690 
1948.09      6683 
1948.10      6687 
1948.11      6681 
1948.12      6702 
1949.01      6668 
1949.02      6676 
1949.03      6647 
1949.04      6753 
1949.05      6673 
1949.06      6650 
1949.07      6626 
1949.08      6611 
1949.09      6651 
1949.10      6623 
1949.11      6602 
1949.12      6661 
1950.01      6613 
1950.02      6615 
1950.03      6625 
1950.04      6676 
1950.05      6693 
1950.06      6732 
1950.07      6761 
1950.08      6826 
1950.09      6827 
1950.10      6824 
1950.11      6833 
1950.12      6858 
1951.01      6913 
1951.02      6956 
1951.03      7062 
1951.04      6890 
1951.05      7004 
1951.06      7021 
1951.07      7023 
1951.08      7030 
1951.09      7030 
1951.10      7025 
1951.11      7055 
1951.12      7064 
1952.01      7067 
1952.02      7080 
1952.03      7057 
1952.04      7146 
1952.05      7131 
1952.06      7153 
1952.07      7182 
1952.08      7202 
1952.09      7242 
1952.10      7282 
1952.11      7310 
1952.12      7326 
1953.01      7333 
1953.02      7363 
1953.03      7397 
1953.04      7321 
1953.05      7392 
1953.06      7399 
1953.07      7402 
1953.08      7408 
1953.09      7396 
1953.10      7423 
1953.11      7401 
1953.12      7382 
1954.01      7378 
1954.02      7366 
1954.03      7321 
1954.04      7411 
1954.05      7348 
1954.06      7334 
1954.07      7346 
1954.08      7345 
1954.09      7341 
1954.10      7344 
1954.11      7364 
1954.12      7418 
1955.01      7423 
1955.02      7432 
1955.03      7486 
1955.04      7517 
1955.05      7545 
1955.06      7587 
1955.07      7624 
1955.08      7649 
1955.09      7699 
1955.10      7699 
1955.11      7733 
1955.12      7788 
1956.01      7819 
1956.02      7845 
1956.03      7941 
1956.04      7788 
1956.05      7834 
1956.06      7827 
1956.07      7790 
1956.08      7779 
1956.09      7782 
1956.10      7826 
1956.11      7856 
1956.12      7883 
1957.01      7818 
1957.02      7843 
1957.03      7841 
1957.04      7864 
1957.05      7842 
1957.06      7839 
1957.07      7860 
1957.08      7856 
1957.09      7876 
1957.10      7842 
1957.11      7863 
1957.12      7844 
1958.01      7821 
1958.02      7766 
1958.03      7730 
1958.04      7653 
1958.05      7705 
1958.06      7704 
1958.07      7713 
1958.08      7737 
1958.09      7783 
1958.10      7800 
1958.11      7830 
1958.12      7879 
1959.01      7887 
1959.02      7932 
1959.03      7980 
1959.04      7937 
1959.05      8046 
1959.06      8060 
1959.07      8064 
1959.08      8089 
1959.09      8081 
1959.10      8098 
1959.11      8107 
1959.12      8140 
1960.01      8194 
1960.02      8232 
1960.03      8178 
1960.04      8356 
1960.05      8260 
1960.06      8253 
1960.07      8257 
1960.08      8246 
1960.09      8240 
1960.10      8254 
1960.11      8215 
1960.12      8198 
1961.01      8207 
1961.02      8155 
1961.03      8185 
1961.04      8116 
1961.05      8165 
1961.06      8189 
1961.07      8207 
1961.08      8205 
1961.09      8197 
1961.10      8211 
1961.11      8250 
1961.12      8262 
1962.01      8254 
1962.02      8289 
1962.03      8287 
1962.04      8379 
1962.05      8356 
1962.06      8357 
1962.07      8363 
1962.08      8376 
1962.09      8399 
1962.10      8399 
1962.11      8422 
1962.12      8424 
1963.01      8431 
1963.02      8444 
1963.03      8465 
1963.04      8544 
1963.05      8481 
1963.06      8491 
1963.07      8501 
1963.08      8532 
1963.09      8555 
1963.10      8579 
1963.11      8594 
1963.12      8624 
1964.01      8659 
1964.02      8705 
1964.03      8782 
1964.04      8679 
1964.05      8742 
1964.06      8783 
1964.07      8823 
1964.08      8863 
1964.09      8875 
1964.10      8909 
1964.11      8935 
1964.12      8985 
1965.01      9028 
1965.02      9077 
1965.03      9092 
1965.04      9204 
1965.05      9206 
1965.06      9228 
1965.07      9258 
1965.08      9275 
1965.09      9311 
1965.10      9343 
1965.11      9379 
1965.12      9447 
1966.01      9467 
1966.02      9484 
1966.03      9532 
1966.04      9582 
1966.05      9603 
1966.06      9645 
1966.07      9675 
1966.08      9699 
1966.09      9709 
1966.10      9729 
1966.11      9736 
1966.12      9778 
1967.01      9776 
1967.02      9778 
1967.03      9846 
1967.04      9783 
1967.05      9848 
1967.06      9879 
1967.07      9911 
1967.08      9921 
1967.09      9976 
1967.10      9983 
1967.11     10048 
1967.12     10114 
1968.01     10045 
1968.02     10128 
1968.03     10163 
1968.04     10245 
1968.05     10241 
1968.06     10271 
1968.07     10313 
1968.08     10374 
1968.09     10412 
1968.10     10466 
1968.11     10496 
1968.12     10532 
1969.01     10562 
1969.02     10610 
1969.03     10660 
1969.04     10693 
1969.05     10746 
1969.06     10794 
1969.07     10819 
1969.08     10854 
1969.09     10856 
1969.10     10919 
1969.11     10946 
1969.12     10961 
1970.01     10968 
1970.02     11015 
1970.03     11060 
1970.04     11024 
1970.05     11024 
1970.06     11018 
1970.07     11027 
1970.08     11022 
1970.09     11046 
1970.10     11078 
1970.11     11033 
1970.12     11109 
1971.01     11176 
1971.02     11194 
1971.03     11225 
1971.04     11265 
1971.05     11293 
1971.06     11315 
1971.07     11353 
1971.08     11395 
1971.09     11423 
1971.10     11436 
1971.11     11437 
1971.12     11530 
1972.01     11585 
1972.02     11653 
1972.03     11677 
1972.04     11703 
1972.05     11745 
1972.06     11791 
1972.07     11805 
1972.08     11852 
1972.09     11871 
1972.10     11943 
1972.11     12035 
1972.12     12174 
1973.01     12139 
1973.02     12176 
1973.03     12211 
1973.04     12226 
1973.05     12295 
1973.06     12314 
1973.07     12314 
1973.08     12324 
1973.09     12372 
1973.10     12413 
1973.11     12483 
1973.12     12500 
1974.01     12420 
1974.02     12431 
1974.03     12437 
1974.04     12479 
1974.05     12529 
1974.06     12541 
1974.07     12563 
1974.08     12542 
1974.09     12608 
1974.10     12685 
1974.11     12647 
1974.12     12574 
1975.01     12478 
1975.02     12500 
1975.03     12491 
1975.04     12443 
1975.05     12524 
1975.06     12595 
1975.07     12636 
1975.08     12696 
1975.09     12717 
1975.10     12772 
1975.11     12805 
1975.12     12883 
1976.01     12934 
1976.02     13029 
1976.03     13051 
1976.04     13137 
1976.05     13177 
1976.06     13168 
1976.07     13207 
1976.08     13261 
1976.09     13307 
1976.10     13315 
1976.11     13341 
1976.12     13386 
1977.01     13441 
1977.02     13475 
1977.03     13580 
1977.04     13634 
1977.05     13704 
1977.06     13762 
1977.07     13806 
1977.08     13872 
1977.09     13942 
1977.10     13998 
1977.11     14091 
1977.12     14169 
1978.01     14222 
1978.02     14249 
1978.03     14338 
1978.04     14402 
1978.05     14485 
1978.06     14560 
1978.07     14613 
1978.08     14651 
1978.09     14688 
1978.10     14752 
1978.11     14835 
1978.12     14860 
1979.01     14914 
1979.02     14938 
1979.03     15004 
1979.04     14968 
1979.05     14958 
1979.06     14931 
1979.07     14881 
1979.08     14901 
1979.09     14945 
1979.10     15033 
1979.11     15098 
1979.12     15083 
1980.01     15095 
1980.02     15125 
1980.03     15142 
1980.04     15025 
1980.05     14986 
1980.06     14942 
1980.07     14921 
1980.08     14955 
1980.09     14967 
1980.10     14992 
1980.11     15019 
1980.12     15045 
1981.01     15096 
1981.02     15146 
1981.03     15163 
1981.04     15208 
1981.05     15204 
1981.06     15185 
1981.07     15170 
1981.08     15199 
1981.09     15217 
1981.10     15203 
1981.11     15135 
1981.12     15145 
1982.01     15090 
1982.02     15128 
1982.03     15134 
1982.04     15140 
1982.05     15177 
1982.06     15175 
1982.07     15172 
1982.08     15182 
1982.09     15191 
1982.10     15175 
1982.11     15139 
1982.12     15209 
1983.01     15254 
1983.02     15264 
1983.03     15333 
1983.04     15383 
1983.05     15427 
1983.06     15505 
1983.07     15608 
1983.08     15687 
1983.09     15781 
1983.10     15846 
1983.11     15910 
1983.12     16024 
1984.01     16121 
1984.02     16201 
1984.03     16258 
1984.04     16325 
1984.05     16353 
1984.06     16447 
1984.07     16522 
1984.08     16568 
1984.09     16663 
1984.10     16768 
1984.11     16929 
1984.12     16958 
1985.01     16972 
1985.02     17034 
1985.03     17150 
1985.04     17209 
1985.05     17291 
1985.06     17343 
1985.07     17353 
1985.08     17413 
1985.09     17443 
1985.10     17475 
1985.11     17511 
1985.12     17579 
1986.01     17584 
1986.02     17618 
1986.03     17684 
1986.04     17734 
1986.05     17801 
1986.06     17836 
1986.07     17903 
1986.08     17985 
1986.09     18051 
1986.10     18092 
1986.11     18111 
1986.12     18159 
1987.01     18139 
1987.02     18197 
1987.03     18247 
1987.04     18325 
1987.05     18342 
1987.06     18394 
1987.07     18438 
1987.08     18455 
1987.09     18500 
1987.10     18627 
1987.11     18666 
1987.12     18722 
1988.01     18747 
1988.02     18875 
1988.03     18867 
1988.04     18906 
1988.05     18962 
1988.06     19010 
1988.07     19062 
1988.08     19102 
1988.09     19121 
1988.10     19165 
1988.11     19202 
1988.12     19283 
1989.01     19336 
1989.02     19414 
1989.03     19448 
1989.04     19467 
1989.05     19469 
1989.06     19470 
1989.07     19480 
1989.08     19491 
1989.09     19489 
1989.10     19522 
1989.11     19564 
1989.12     19571 
1990.01     19626 
1990.02     19617 
1990.03     19622 
1990.04     19631 
1990.05     19623 
1990.06     19635 
1990.07     19638 
1990.08     19621 
1990.09     19605 
1990.10     19559 
1990.11     19538 
1990.12     19499 
1991.01     19423 
1991.02     19362 
1991.03     19336 
1991.04     19271 
1991.05     19249 
1991.06     19275 
1991.07     19254 
1991.08     19265 
1991.09     19256 
1991.10     19237 
1991.11     19223 
1991.12     19233 
1992.01     19245 
1992.02     19253 
1992.03     19253 
1992.04     19319 
1992.05     19362 
1992.06     19353 
1992.07     19362 
1992.08     19373 
1992.09     19380 
1992.10     19423 
1992.11     19471 
1992.12     19463 
1993.01     19512 
1993.02     19592 
1993.03     19535 
1993.04     19645 
1993.05     19710 
1993.06     19745 
1993.07     19790 
1993.08     19853 
1993.09     19900 
1993.10     19971 
1993.11     19991 
1993.12     20055 
1994.01     20081 
1994.02     20171 
1994.03     20272 
1994.04     20352 
1994.05     20398 
1994.06     20456 
1994.07     20532 
1994.08     20601 
1994.09     20684 
1994.10     20743 
1994.11     20863 
1994.12     20890 
1995.01     21003 
1995.02     21060 
1995.03     21059 
1995.04     21130 
1995.05     21125 
1995.06     21188 
1995.07     21207 
1995.08     21249 
1995.09     21293 
1995.10     21274 
1995.11     21321 
1995.12     21340 
1996.01     21340 
1996.02     21393 
1996.03     21463 
1996.04     21479 
1996.05     21547 
1996.06     21600 
1996.07     21651 
1996.08     21692 
1996.09     21718 
1996.10     21791 
1996.11     21847 
1996.12     21912 
1997.01     21917 
1997.02     21922 
1997.03     21945 
1997.04     22029 
1997.05     22026 
1997.06     22079 
1997.07     22150 
1997.08     22181 
