uswtrade -- All Employees: Wholesale Trade Employment(SA, Thousands)                   

   DATE    USWTRADE

1946.02      2180  
1946.03      2223  
1946.04      2254  
1946.05      2279  
1946.06      2299  
1946.07      2321  
1946.08      2343  
1946.09      2357  
1946.10      2359  
1946.11      2389  
1946.12      2423  
1947.01      2418  
1947.02      2420  
1947.03      2429  
1947.04      2430  
1947.05      2438  
1947.06      2458  
1947.07      2479  
1947.08      2490  
1947.09      2540  
1947.10      2538  
1947.11      2542  
1947.12      2540  
1948.01      2554  
1948.02      2569  
1948.03      2572  
1948.04      2578  
1948.05      2599  
1948.06      2609  
1948.07      2624  
1948.08      2640  
1948.09      2662  
1948.10      2648  
1948.11      2649  
1948.12      2638  
1949.01      2630  
1949.02      2626  
1949.03      2622  
1949.04      2623  
1949.05      2616  
1949.06      2613  
1949.07      2581  
1949.08      2601  
1949.09      2625  
1949.10      2607  
1949.11      2583  
1949.12      2595  
1950.01      2595  
1950.02      2588  
1950.03      2591  
1950.04      2604  
1950.05      2618  
1950.06      2629  
1950.07      2646  
1950.08      2682  
1950.09      2707  
1950.10      2695  
1950.11      2678  
1950.12      2681  
1951.01      2690  
1951.02      2706  
1951.03      2718  
1951.04      2730  
1951.05      2733  
1951.06      2736  
1951.07      2743  
1951.08      2734  
1951.09      2735  
1951.10      2744  
1951.11      2775  
1951.12      2781  
1952.01      2785  
1952.02      2798  
1952.03      2809  
1952.04      2811  
1952.05      2818  
1952.06      2824  
1952.07      2822  
1952.08      2826  
1952.09      2835  
1952.10      2830  
1952.11      2839  
1952.12      2851  
1953.01      2857  
1953.02      2862  
1953.03      2860  
1953.04      2853  
1953.05      2866  
1953.06      2871  
1953.07      2863  
1953.08      2854  
1953.09      2858  
1953.10      2868  
1953.11      2869  
1953.12      2865  
1954.01      2874  
1954.02      2881  
1954.03      2877  
1954.04      2877  
1954.05      2867  
1954.06      2861  
1954.07      2870  
1954.08      2867  
1954.09      2870  
1954.10      2877  
1954.11      2885  
1954.12      2893  
1955.01      2891  
1955.02      2888  
1955.03      2899  
1955.04      2910  
1955.05      2917  
1955.06      2923  
1955.07      2941  
1955.08      2942  
1955.09      2956  
1955.10      2966  
1955.11      2981  
1955.12      2992  
1956.01      3013  
1956.02      3026  
1956.03      3040  
1956.04      3033  
1956.05      3028  
1956.06      3026  
1956.07      3019  
1956.08      3019  
1956.09      3020  
1956.10      3021  
1956.11      3031  
1956.12      3043  
1957.01      3045  
1957.02      3057  
1957.03      3060  
1957.04      3054  
1957.05      3051  
1957.06      3041  
1957.07      3038  
1957.08      3021  
1957.09      3023  
1957.10      3025  
1957.11      3021  
1957.12      3010  
1958.01      3005  
1958.02      2990  
1958.03      2985  
1958.04      2981  
1958.05      2978  
1958.06      2986  
1958.07      2984  
1958.08      2971  
1958.09      2983  
1958.10      2992  
1958.11      3004  
1958.12      3009  
1959.01      3037  
1959.02      3042  
1959.03      3051  
1959.04      3064  
1959.05      3078  
1959.06      3084  
1959.07      3089  
1959.08      3132  
1959.09      3118  
1959.10      3123  
1959.11      3130  
1959.12      3146  
1960.01      3140  
1960.02      3143  
1960.03      3148  
1960.04      3159  
1960.05      3155  
1960.06      3148  
1960.07      3149  
1960.08      3175  
1960.09      3163  
1960.10      3156  
1960.11      3150  
1960.12      3148  
1961.01      3141  
1961.02      3133  
1961.03      3131  
1961.04      3125  
1961.05      3130  
1961.06      3129  
1961.07      3138  
1961.08      3154  
1961.09      3151  
1961.10      3156  
1961.11      3158  
1961.12      3157  
1962.01      3170  
1962.02      3186  
1962.03      3194  
1962.04      3201  
1962.05      3207  
1962.06      3218  
1962.07      3218  
1962.08      3222  
1962.09      3222  
1962.10      3220  
1962.11      3214  
1962.12      3220  
1963.01      3231  
1963.02      3236  
1963.03      3244  
1963.04      3251  
1963.05      3252  
1963.06      3251  
1963.07      3254  
1963.08      3261  
1963.09      3264  
1963.10      3275  
1963.11      3285  
1963.12      3298  
1964.01      3313  
1964.02      3308  
1964.03      3313  
1964.04      3320  
1964.05      3330  
1964.06      3337  
1964.07      3350  
1964.08      3355  
1964.09      3368  
1964.10      3379  
1964.11      3390  
1964.12      3403  
1965.01      3412  
1965.02      3423  
1965.03      3437  
1965.04      3448  
1965.05      3461  
1965.06      3478  
1965.07      3489  
1965.08      3494  
1965.09      3507  
1965.10      3519  
1965.11      3523  
1965.12      3534  
1966.01      3546  
1966.02      3560  
1966.03      3569  
1966.04      3577  
1966.05      3589  
1966.06      3606  
1966.07      3625  
1966.08      3633  
1966.09      3630  
1966.10      3642  
1966.11      3657  
1966.12      3666  
1967.01      3672  
1967.02      3673  
1967.03      3683  
1967.04      3693  
1967.05      3692  
1967.06      3693  
1967.07      3699  
1967.08      3719  
1967.09      3713  
1967.10      3713  
1967.11      3730  
1967.12      3726  
1968.01      3722  
1968.02      3743  
1968.03      3750  
1968.04      3762  
1968.05      3772  
1968.06      3789  
1968.07      3801  
1968.08      3811  
1968.09      3818  
1968.10      3831  
1968.11      3847  
1968.12      3851  
1969.01      3860  
1969.02      3870  
1969.03      3876  
1969.04      3884  
1969.05      3900  
1969.06      3920  
1969.07      3931  
1969.08      3939  
1969.09      3944  
1969.10      3956  
1969.11      3969  
1969.12      3985  
1970.01      3997  
1970.02      4002  
1970.03      4006  
1970.04      4006  
1970.05      4009  
1970.06      4002  
1970.07      4024  
1970.08      4007  
1970.09      4010  
1970.10      4010  
1970.11      4004  
1970.12      4003  
1971.01      3996  
1971.02      3999  
1971.03      3995  
1971.04      3997  
1971.05      4010  
1971.06      3990  
1971.07      4003  
1971.08      4011  
1971.09      4029  
1971.10      4037  
1971.11      4048  
1971.12      4058  
1972.01      4059  
1972.02      4067  
1972.03      4090  
1972.04      4102  
1972.05      4108  
1972.06      4132  
1972.07      4129  
1972.08      4142  
1972.09      4151  
1972.10      4161  
1972.11      4181  
1972.12      4200  
1973.01      4216  
1973.02      4241  
1973.03      4249  
1973.04      4258  
1973.05      4261  
1973.06      4290  
1973.07      4300  
1973.08      4319  
1973.09      4318  
1973.10      4335  
1973.11      4350  
1973.12      4360  
1974.01      4399  
1974.02      4419  
1974.03      4422  
1974.04      4430  
1974.05      4441  
1974.06      4455  
1974.07      4461  
1974.08      4468  
1974.09      4463  
1974.10      4476  
1974.11      4481  
1974.12      4459  
1975.01      4438  
1975.02      4418  
1975.03      4402  
1975.04      4405  
1975.05      4402  
1975.06      4400  
1975.07      4416  
1975.08      4427  
1975.09      4449  
1975.10      4456  
1975.11      4469  
1975.12      4482  
1976.01      4497  
1976.02      4516  
1976.03      4528  
1976.04      4549  
1976.05      4560  
1976.06      4562  
1976.07      4569  
1976.08      4570  
1976.09      4587  
1976.10      4592  
1976.11      4600  
1976.12      4611  
1977.01      4624  
1977.02      4633  
1977.03      4653  
1977.04      4675  
1977.05      4692  
1977.06      4713  
1977.07      4735  
1977.08      4754  
1977.09      4776  
1977.10      4787  
1977.11      4809  
1977.12      4831  
1978.01      4848  
1978.02      4872  
1978.03      4898  
1978.04      4930  
1978.05      4956  
1978.06      4983  
1978.07      4991  
1978.08      5020  
1978.09      5039  
1978.10      5069  
1978.11      5095  
1978.12      5122  
1979.01      5148  
1979.02      5160  
1979.03      5182  
1979.04      5188  
1979.05      5206  
1979.06      5230  
1979.07      5235  
1979.08      5242  
1979.09      5247  
1979.10      5264  
1979.11      5280  
1979.12      5266  
1980.01      5290  
1980.02      5310  
1980.03      5315  
1980.04      5296  
1980.05      5280  
1980.06      5266  
1980.07      5263  
1980.08      5270  
1980.09      5288  
1980.10      5297  
1980.11      5310  
1980.12      5325  
1981.01      5347  
1981.02      5358  
1981.03      5365  
1981.04      5381  
1981.05      5376  
1981.06      5380  
1981.07      5381  
1981.08      5381  
1981.09      5380  
1981.10      5385  
1981.11      5388  
1981.12      5382  
1982.01      5368  
1982.02      5358  
1982.03      5353  
1982.04      5333  
1982.05      5324  
1982.06      5303  
1982.07      5288  
1982.08      5272  
1982.09      5254  
1982.10      5241  
1982.11      5231  
1982.12      5220  
1983.01      5214  
1983.02      5213  
1983.03      5209  
1983.04      5225  
1983.05      5239  
1983.06      5263  
1983.07      5278  
1983.08      5299  
1983.09      5325  
1983.10      5349  
1983.11      5377  
1983.12      5406  
1984.01      5443  
1984.02      5480  
1984.03      5500  
1984.04      5521  
1984.05      5536  
1984.06      5555  
1984.07      5587  
1984.08      5602  
1984.09      5626  
1984.10      5642  
1984.11      5656  
1984.12      5671  
1985.01      5687  
1985.02      5689  
1985.03      5707  
1985.04      5710  
1985.05      5717  
1985.06      5725  
1985.07      5728  
1985.08      5737  
1985.09      5745  
1985.10      5756  
1985.11      5761  
1985.12      5762  
1986.01      5756  
1986.02      5755  
1986.03      5744  
1986.04      5755  
1986.05      5763  
1986.06      5730  
1986.07      5779  
1986.08      5767  
1986.09      5767  
1986.10      5768  
1986.11      5770  
1986.12      5776  
1987.01      5786  
1987.02      5802  
1987.03      5809  
1987.04      5822  
1987.05      5827  
1987.06      5834  
1987.07      5844  
1987.08      5858  
1987.09      5874  
1987.10      5891  
1987.11      5902  
1987.12      5923  
1988.01      5918  
1988.02      5944  
1988.03      5964  
1988.04      5983  
1988.05      6003  
1988.06      6027  
1988.07      6048  
1988.08      6058  
1988.09      6076  
1988.10      6094  
1988.11      6108  
1988.12      6135  
1989.01      6160  
1989.02      6185  
1989.03      6205  
1989.04      6199  
1989.05      6194  
1989.06      6186  
1989.07      6190  
1989.08      6190  
1989.09      6183  
1989.10      6183  
1989.11      6185  
1989.12      6182  
1990.01      6191  
1990.02      6177  
1990.03      6168  
1990.04      6173  
1990.05      6173  
1990.06      6184  
1990.07      6185  
1990.08      6183  
1990.09      6176  
1990.10      6163  
1990.11      6154  
1990.12      6148  
1991.01      6121  
1991.02      6106  
1991.03      6093  
1991.04      6084  
1991.05      6077  
1991.06      6078  
1991.07      6081  
1991.08      6070  
1991.09      6076  
1991.10      6069  
1991.11      6060  
1991.12      6055  
1992.01      6045  
1992.02      6038  
1992.03      6036  
1992.04      6024  
1992.05      6016  
1992.06      6005  
1992.07      5985  
1992.08      5975  
1992.09      5964  
1992.10      5965  
1992.11      5965  
1992.12      5948  
1993.01      5957  
1993.02      5951  
1993.03      5945  
1993.04      5954  
1993.05      5973  
1993.06      5967  
1993.07      5986  
1993.08      5981  
1993.09      5998  
1993.10      6008  
1993.11      6024  
1993.12      6039  
1994.01      6054  
1994.02      6067  
1994.03      6088  
1994.04      6108  
1994.05      6132  
1994.06      6146  
1994.07      6164  
1994.08      6193  
1994.09      6218  
1994.10      6239  
1994.11      6261  
1994.12      6285  
1995.01      6312  
1995.02      6341  
1995.03      6358  
1995.04      6366  
1995.05      6370  
1995.06      6382  
1995.07      6393  
1995.08      6393  
1995.09      6397  
1995.10      6401  
1995.11      6405  
1995.12      6416  
1996.01      6421  
1996.02      6429  
1996.03      6437  
1996.04      6443  
1996.05      6457  
1996.06      6469  
1996.07      6481  
1996.08      6497  
1996.09      6513  
1996.10      6538  
1996.11      6549  
1996.12      6559  
1997.01      6570  
1997.02      6593  
1997.03      6611  
1997.04      6622  
1997.05      6630  
1997.06      6634  
1997.07      6664  
1997.08      6672  
